2.79367 0 2.3554 0.0852193 2.17873 238.483 0.460795 0.0005 4.35063 8.92603e-05 289383 0.256449  
2.20835 0 1.84175 0.087191 2.21767 246.472 0.464922 0.0005 3.7558 8.53869e-05 930886 1.32874  
1.88551 0 1.78424 0.108374 2.173 231.642 0.538419 0.0005 4.10817 0.000143157 692777 1.33286  
2.81341 0 1.88754 0.0966994 2.4284 211.873 0.438098 0.0005 3.96408 5.2097e-05 636915 0.469827  
2.53724 0 2.12239 0.10115 2.34841 209.889 0.486796 0.0005 4.03261 0.000103548 747793 1.04083  
2.71115 0 2.24028 0.0971768 2.59615 227.662 0.51762 0.0005 4.57853 0.000148348 238335 0.423439  
2.44022 0 2.38463 0.0957696 2.77731 221.152 0.465526 0.0005 4.32949 0.000143774 885386 1.10699  
2.58216 0 2.27666 0.108602 2.45346 195.851 0.523301 0.0005 4.33442 0.000135156 760492 0.789778  
2.13631 0 1.96975 0.0903183 2.48031 185.409 0.509213 0.0005 3.83038 0.000119581 516649 0.349974  
2.70676 0 1.65549 0.103196 2.19359 222.263 0.389244 0.0005 3.48911 0.000114409 641421 0.368998  
2.29242 0 2.0242 0.0933903 2.81664 192.45 0.501096 0.0005 3.74957 0.000126733 202362 0.310668  
2.14991 0 2.12018 0.0940132 2.5295 201.029 0.503317 0.0005 4.28896 0.000119455 490027 1.10503  
2.448 0 2.43683 0.10108 2.40596 195.153 0.400294 0.0005 4.01973 9.62062e-05 368690 1.40926  
2.07034 0 2.45239 0.0869138 1.90186 181.801 0.377341 0.0005 4.22614 0.000129486 520059 0.687857  
2.39521 0 2.03095 0.105419 2.0735 193.275 0.489999 0.0005 4.77546 0.000156687 897763 0.253658  
2.43209 0 2.3384 0.0877795 2.24068 215.263 0.494869 0.0005 4.37859 0.000208365 513926 1.42142  
2.28102 0 1.82107 0.098828 2.16979 204.718 0.461539 0.0005 4.22474 0.000189545 180540 0.494131  
2.03971 0 2.20452 0.0996677 2.67211 168.433 0.414311 0.0005 3.89715 0.000166406 383426 1.19103  
2.39169 0 2.18701 0.0951545 2.06082 203.239 0.513854 0.0005 4.47227 9.20189e-05 89172 1.01852  
2.95329 0 2.16342 0.094624 2.16569 198.805 0.423091 0.0005 3.64165 0.000125167 455736 1.43709  
1.94446 0 2.56396 0.081723 2.2459 186.83 0.47602 0.0005 4.41447 0.000114246 5211 0.939908  
2.37506 0 2.4425 0.0804689 2.57309 215.26 0.380201 0.0005 3.79146 6.34168e-05 595368 0.423977  
1.99646 0 2.31025 0.105983 2.29837 209.071 0.487153 0.0005 4.16108 0.000108707 702567 0.674908  
2.51011 0 2.21993 0.107288 2.12424 195.273 0.476939 0.0005 3.3145 8.371e-05 956429 1.49675  
2.18171 0 2.04449 0.0918478 2.74254 227.62 0.495491 0.0005 4.55137 0.000166545 465782 0.946353  
2.45307 0 2.2895 0.104466 2.12376 191.012 0.452923 0.0005 4.3351 0.000152057 21530 0.270605  
2.42531 0 2.08901 0.0989431 2.18188 216.941 0.416603 0.0005 3.83831 0.000104185 722862 1.01477  
2.47273 0 2.22948 0.0987101 2.43757 206.45 0.4495 0.0005 4.05807 0.000104416 665123 0.834416  
2.62854 0 2.25643 0.0910323 2.29226 179.695 0.484663 0.0005 4.54302 0.000127139 174067 0.315544  
1.68308 0 2.42323 0.0992417 2.08549 246.022 0.438567 0.0005 4.91975 0.000135372 703135 0.58808  
2.17366 0 2.25571 0.0786969 2.33935 175.051 0.462959 0.0005 4.47669 0.000108992 513929 1.44277  
2.52717 0 2.25294 0.100799 2.61473 191.869 0.469675 0.0005 3.83955 0.000143698 979802 0.384989  
2.21444 0 2.30145 0.0755535 2.31864 232.283 0.45826 0.0005 4.60625 6.72733e-05 634022 1.07487  
2.27974 0 2.04289 0.0945967 2.16515 199.685 0.439541 0.0005 3.75508 0.000132757 723058 0.389843  
2.0417 0 1.40909 0.0928516 2.51234 206.349 0.471337 0.0005 3.67261 0.000154169 133069 1.29839  
2.42208 0 1.74985 0.112818 2.5068 224.512 0.471336 0.0005 4.29387 0.000133782 898167 1.33678  
2.11452 0 2.10564 0.0958623 2.9525 199.104 0.439999 0.0005 4.44627 0.000122007 961393 0.918775  
2.22193 0 2.22284 0.0907503 2.10866 195.978 0.502253 0.0005 4.28587 0.000121623 18456 0.730185  
2.18514 0 2.01294 0.104234 2.43709 186.44 0.479357 0.0005 3.56471 0.000139616 175011 1.08157  
2.24807 0 2.44035 0.105208 2.20353 215.652 0.43807 0.0005 3.69813 9.46259e-05 478042 0.49882  
2.12989 0 2.20006 0.0978196 2.65999 217.708 0.468496 0.0005 4.30173 0.000188203 176229 0.551286  
2.13965 0 2.07857 0.0877652 2.31852 197.918 0.50157 0.0005 3.72162 0.000109092 377373 1.29247  
2.29575 0 2.02886 0.0804678 1.86525 172.364 0.489089 0.0005 4.36977 0.000188532 484421 1.09633  
2.06797 0 2.00951 0.10353 2.29377 159.846 0.44847 0.0005 4.36157 8.49029e-05 544919 1.452  
2.28184 0 2.17476 0.101018 2.06423 210.845 0.421303 0.0005 3.72194 0.000129779 413784 1.05367  
2.08715 0 2.25461 0.0890992 2.32187 203.154 0.399832 0.0005 3.63943 0.000202519 898537 0.59137  
2.16878 0 1.73059 0.090994 2.19669 211.085 0.505082 0.0005 4.01681 0.000171347 575198 1.27408  
2.4948 0 2.02892 0.10219 2.29727 234.535 0.43092 0.0005 4.51426 9.75235e-05 594324 1.07198  
2.16153 0 2.18805 0.102115 2.70057 217.767 0.459523 0.0005 3.03318 9.66741e-05 798315 0.789695  
2.40173 0 2.198 0.105257 2.68825 214.066 0.443847 0.0005 4.09412 0.000147918 664370 1.3858  
2.29581 0 2.54101 0.088035 2.23158 188.732 0.506658 0.0005 4.32219 0.000123056 566413 0.606639  
1.93568 0 1.5296 0.100667 2.64415 197.747 0.401756 0.0005 4.17129 0.000138338 803526 0.614518  
2.47548 0 2.49001 0.101078 2.36651 232.265 0.41706 0.0005 4.10828 0.000157353 776091 0.61443  
2.262 0 2.13177 0.095663 2.25053 197.781 0.454449 0.0005 4.11345 0.000108294 268980 1.06162  
2.69118 0 2.34091 0.0935809 2.27845 184.079 0.410135 0.0005 3.86449 7.6894e-05 759956 0.964903  
2.36174 0 1.99038 0.100925 2.11559 174.784 0.51095 0.0005 3.62322 0.00012851 241873 0.834273  
2.15899 0 1.75383 0.114051 2.24438 217.04 0.433669 0.0005 3.91902 0.000141633 806862 1.28994  
2.12707 0 2.27496 0.0932267 2.49675 191.914 0.521286 0.0005 3.85605 0.000105264 999170 0.871322  
2.13177 0 1.88568 0.0806651 2.78162 221.689 0.452251 0.0005 4.48379 0.000143269 906996 1.23381  
2.21193 0 1.59393 0.0901309 1.95295 178.846 0.539856 0.0005 3.18015 0.000148972 497281 0.264902  
2.23087 0 2.39013 0.0925831 2.3997 191.042 0.402077 0.0005 3.53213 0.000150465 702305 0.327841  
2.27584 0 2.16296 0.0929445 2.3735 183.622 0.431043 0.0005 3.77142 0.000111585 420925 0.539624  
2.06997 0 1.98773 0.079295 1.99953 208.492 0.480402 0.0005 4.15789 0.000112131 477084 1.04657  
2.72903 0 1.82424 0.0917498 2.43411 240.041 0.429442 0.0005 3.90297 0.000226648 336327 0.571044  
2.49925 0 2.05963 0.0995246 2.56778 207.094 0.470444 0.0005 3.99531 0.00017148 660336 0.583628  
2.72618 0 2.13963 0.0980199 2.25025 198.784 0.553918 0.0005 3.69852 0.000162882 126505 1.08467  
2.18797 0 2.20496 0.089517 2.34464 193.945 0.474099 0.0005 4.02711 7.32039e-05 750846 1.20655  
1.86779 0 2.20881 0.096209 1.91701 202.658 0.498703 0.0005 3.41546 0.000139308 621729 1.4803  
2.10418 0 2.19332 0.0924092 2.59034 176.748 0.454776 0.0005 3.64757 0.000202888 661313 0.968125  
1.83496 0 2.0759 0.10746 2.13737 187.725 0.478337 0.0005 3.40688 0.000100697 925857 0.55245  
2.27067 0 1.844 0.0776358 2.07085 211.76 0.45046 0.0005 4.43602 0.000102642 616124 0.852622  
2.3818 0 2.26338 0.111743 2.31821 247.205 0.496446 0.0005 3.65237 0.000150804 353895 1.14177  
2.56042 0 2.21342 0.0920582 2.18154 194.976 0.393081 0.0005 3.43668 0.000130654 819582 1.4124  
2.26479 0 2.60359 0.0867779 2.23101 240.948 0.527741 0.0005 4.45435 0.000130055 100545 1.36307  
2.70933 0 2.00377 0.0931062 2.24556 221.186 0.535478 0.0005 4.57699 7.03852e-05 898814 0.300228  
2.26683 0 2.40578 0.10179 2.50602 178.843 0.459457 0.0005 3.89386 0.000135759 233367 1.14887  
2.91758 0 2.13688 0.0775852 2.53669 210.881 0.514582 0.0005 4.06276 0.000146802 515434 0.726756  
2.53224 0 2.53453 0.100791 2.19667 187.922 0.492752 0.0005 3.90386 0.000112159 990364 1.11604  
2.67532 0 1.79418 0.0887668 2.01363 219.983 0.501358 0.0005 4.69007 9.38394e-05 344043 1.31326  
2.462 0 2.32941 0.0818304 2.36224 205.873 0.440065 0.0005 4.03206 0.000138139 313750 0.416485  
2.22302 0 2.32645 0.109259 2.40011 223.569 0.486321 0.0005 4.02997 0.000216355 171087 0.251133  
2.31313 0 1.83794 0.0881456 1.96341 171.554 0.401946 0.0005 4.05983 0.00015138 426808 0.734373  
2.75391 0 2.06453 0.0815223 1.81523 212.695 0.504853 0.0005 4.43636 6.02644e-05 117276 0.710625  
2.30823 0 2.23647 0.0824642 2.44956 229.05 0.404454 0.0005 4.45714 6.87085e-05 947178 0.347387  
2.09226 0 2.07676 0.110614 2.83513 213.393 0.490935 0.0005 4.80545 0.00010497 695788 0.850669  
2.56479 0 2.22677 0.0844195 2.17424 206.862 0.466017 0.0005 4.39761 0.000165002 393584 1.21033  
2.61213 0 2.25878 0.0796176 2.00982 199.845 0.450423 0.0005 3.08543 0.000120878 705403 0.287375  
2.43628 0 2.14723 0.0887191 2.30587 178.604 0.391609 0.0005 4.31964 0.000136312 502651 0.346949  
1.71034 0 2.18874 0.0891161 2.50079 209.113 0.482135 0.0005 4.06397 0.000140595 392754 0.474806  
2.52023 0 2.23171 0.0903109 2.28275 233.539 0.446308 0.0005 3.90327 0.000124415 612399 1.48727  
2.35115 0 1.97047 0.0991603 2.31814 210.042 0.450084 0.0005 3.83043 0.000161406 999932 0.971081  
2.13702 0 2.47715 0.0940315 2.35776 184.513 0.498142 0.0005 4.01128 0.000137173 95060 1.12454  
2.28435 0 2.45137 0.0960507 2.16015 202.59 0.507113 0.0005 3.45961 0.00012448 549676 0.927314  
2.45258 0 2.26667 0.099613 2.3367 196.535 0.477699 0.0005 4.58656 0.000118125 993368 0.596622  
2.38981 0 2.25961 0.0867315 2.54423 223.297 0.453277 0.0005 4.35731 0.000164899 947739 0.406858  
2.08597 0 2.12228 0.108099 2.15657 203.21 0.484917 0.0005 3.52655 0.000129577 210012 0.278811  
2.35734 0 2.11194 0.0837911 2.24954 213.903 0.412099 0.0005 4.60109 8.85125e-05 636226 0.712604  
2.63335 0 2.25177 0.0914402 2.19693 213.526 0.448015 0.0005 4.17929 0.000134824 698586 0.325234  
2.12754 0 1.95164 0.0877542 2.31022 224.911 0.442371 0.0005 3.67279 0.000130518 348094 0.531544  
1.89083 0 1.93607 0.080439 2.09359 194.924 0.517925 0.0005 3.90228 0.000134893 297539 1.46507  
2.39836 0 2.32917 0.103544 2.15392 221.699 0.428017 0.0005 4.20716 0.000148434 140795 1.14967  
2.22577 0 2.05803 0.0909448 2.17248 205.916 0.515449 0.0005 4.44258 0.00017173 480570 1.0085  
2.51746 0 2.3549 0.0941919 1.98626 191.798 0.52098 0.0005 4.19838 8.80186e-05 651434 0.966912  
2.55429 0 2.52795 0.107272 2.23867 178.946 0.430598 0.0005 4.06268 9.33156e-05 960378 0.428717  
2.39294 0 2.34011 0.0967479 2.51813 241.103 0.445499 0.0005 3.37917 0.000136536 97467 0.61949  
1.92036 0 2.35149 0.0975356 2.43828 214.327 0.440599 0.0005 4.34179 0.000140811 66601 1.40694  
2.2464 0 2.07331 0.0873609 2.15258 201.172 0.423607 0.0005 3.87642 0.000121112 710097 0.512675  
2.02077 0 2.47514 0.0872355 2.4304 168.777 0.503211 0.0005 4.73089 0.000113118 612902 1.34003  
2.30747 0 2.06565 0.0970905 2.19817 170.667 0.461084 0.0005 4.41002 0.000146836 573317 1.44502  
2.25639 0 1.85795 0.0846558 2.28329 196.942 0.441287 0.0005 4.20772 0.000136422 570492 0.549958  
2.25055 0 1.78271 0.0923018 2.01243 237.455 0.442788 0.0005 4.37303 0.000145749 926652 1.04581  
2.21052 0 2.56341 0.0874555 3.05092 228.729 0.491021 0.0005 3.94332 9.85002e-05 260756 1.39375  
2.20154 0 1.92157 0.101563 2.31736 218.104 0.419917 0.0005 3.97685 9.81943e-05 997301 0.409477  
2.35436 0 2.05028 0.095342 2.32639 183.509 0.407392 0.0005 3.46921 0.000142354 560280 0.915531  
1.87891 0 2.08673 0.0978809 2.58101 234.136 0.454506 0.0005 4.0659 0.000114184 724286 0.591009  
2.34705 0 2.15566 0.0893405 2.15277 199.471 0.420587 0.0005 4.68249 0.000118962 209441 0.50989  
2.45111 0 1.83207 0.0997568 2.37324 237.541 0.357997 0.0005 3.87093 0.000125563 953865 1.28399  
2.29401 0 2.37286 0.096578 2.53168 228.266 0.419583 0.0005 4.23851 0.000119592 429689 0.46253  
2.41437 0 2.32032 0.0948949 2.17075 181.361 0.433352 0.0005 3.94358 9.01973e-05 228444 0.792367  
2.30821 0 2.08453 0.0893692 2.39541 250.924 0.4108 0.0005 4.52435 7.97728e-05 346619 0.854914  
2.70398 0 2.41717 0.0899166 2.36934 218.859 0.386698 0.0005 4.3682 0.000125369 558440 1.03436  
2.44107 0 2.21584 0.112251 2.11724 198.527 0.505903 0.0005 3.68487 0.00014142 744729 1.14829  
2.26357 0 2.09334 0.0989143 2.56054 198.344 0.465446 0.0005 4.17655 0.000143735 958031 0.345813  
2.28606 0 2.36333 0.10394 2.62263 213.284 0.384099 0.0005 3.45587 5.51667e-05 108117 0.73795  
2.31796 0 2.08031 0.0803727 2.3471 206.661 0.442612 0.0005 4.61654 7.6929e-05 738097 1.35986  
2.47703 0 2.06293 0.110637 2.30333 220.943 0.394476 0.0005 3.40004 0.00012241 905771 1.45824  
2.47941 0 2.12925 0.0766861 2.27124 190.981 0.465825 0.0005 3.62885 0.00012415 834481 0.83412  
2.30373 0 2.06441 0.0879391 2.70184 227.968 0.468607 0.0005 3.34751 8.19598e-05 890675 0.646055  
2.36145 0 1.93163 0.094755 2.14441 201.06 0.546735 0.0005 4.40879 0.000140491 120709 0.367304  
2.55814 0 1.81901 0.103222 2.33113 176.245 0.44888 0.0005 4.26349 9.51598e-05 698927 0.698774  
2.2189 0 1.86897 0.10303 2.15758 201.166 0.421832 0.0005 3.82811 0.000121916 704567 1.23221  
2.2563 0 2.08196 0.0875226 2.39789 232.797 0.400122 0.0005 3.49585 0.000158692 777856 1.35084  
2.69345 0 2.1765 0.0951476 2.64524 208.868 0.423905 0.0005 3.94688 0.000174191 179497 0.532597  
2.36083 0 1.76775 0.107039 2.09207 217.748 0.467597 0.0005 4.43301 0.000170006 872353 0.893302  
2.03186 0 1.88231 0.111331 2.16925 233.11 0.474718 0.0005 3.80185 0.000154731 254586 1.39541  
2.3121 0 1.86261 0.100371 2.62018 228.196 0.394071 0.0005 3.20785 6.16653e-05 276965 0.942053  
2.21679 0 2.0636 0.0946856 2.44594 224.398 0.379835 0.0005 3.48203 0.000121662 455306 0.851351  
2.26726 0 1.87958 0.095322 2.14328 234.354 0.449422 0.0005 4.21474 0.000175947 964683 0.630873  
2.28968 0 2.48613 0.0921513 2.31887 239.579 0.460534 0.0005 3.59657 0.000100535 406219 1.04886  
2.41959 0 2.08059 0.112534 2.17138 221.665 0.497232 0.0005 3.61127 0.000154159 28624 0.988333  
2.59874 0 2.2937 0.0958103 2.05126 219.834 0.49802 0.0005 4.38585 0.00013951 51528 0.568291  
2.59984 0 2.4507 0.108363 2.00774 238.423 0.511261 0.0005 3.68296 0.000113434 332871 0.517102  
2.62497 0 2.27747 0.0868522 2.48072 255.351 0.400283 0.0005 4.55185 0.000117087 805732 0.681873  
2.38321 0 2.35204 0.102625 2.62569 218.821 0.491527 0.0005 4.11329 0.000118596 48829 1.17503  
2.75943 0 2.14601 0.0980678 2.53337 210.656 0.507536 0.0005 3.75057 0.000106284 409503 0.388381  
2.47805 0 1.79995 0.0985342 2.40337 201.747 0.555716 0.0005 3.95704 0.000111683 530019 1.05483  
2.19509 0 2.08426 0.111672 2.22912 218.558 0.419321 0.0005 4.32711 8.82394e-05 258270 1.04014  
2.45871 0 2.38258 0.0778682 2.2855 217.211 0.51657 0.0005 3.98249 0.000147129 363368 1.3429  
2.33719 0 2.08087 0.0910764 2.05196 230.563 0.525457 0.0005 4.2962 0.000103216 959708 1.26917  
2.26884 0 2.2831 0.103989 2.54413 195.918 0.474072 0.0005 3.90705 0.000113704 486715 0.839646  
2.28524 0 1.65842 0.0871789 2.40584 255.777 0.419854 0.0005 4.32063 0.000109049 226340 1.18278  
2.30366 0 2.23939 0.0967847 2.51655 200.398 0.45625 0.0005 4.50635 0.000143713 518149 1.09842  
2.31607 0 2.34967 0.109149 2.10674 201.924 0.475605 0.0005 4.04131 0.000126276 747796 0.411751  
2.21908 0 2.1408 0.079535 2.55754 205.847 0.359855 0.0005 4.21606 0.000150188 700723 0.862542  
2.26545 0 1.91901 0.0907682 1.90674 175.798 0.447607 0.0005 3.66905 9.44224e-05 142618 1.25011  
2.21667 0 1.89459 0.0783909 2.33232 219.376 0.514932 0.0005 4.17731 7.25688e-05 2245 0.933767  
2.33405 0 2.36661 0.0904737 2.60268 201.383 0.488366 0.0005 4.49293 0.000111251 122846 1.42595  
2.38833 0 2.23875 0.0951947 2.20941 208.569 0.436688 0.0005 4.11639 0.000134479 493451 1.44388  
2.48545 0 2.20462 0.0976809 2.62086 201.132 0.482991 0.0005 3.78268 0.000119791 892921 0.61083  
2.27835 0 2.28089 0.0970914 2.50137 185.141 0.415173 0.0005 4.13552 0.000165646 243555 0.70288  
2.59919 0 2.44419 0.0873535 2.47255 209.456 0.292093 0.0005 4.56679 0.000116152 192379 1.26316  
1.95512 0 1.8735 0.0709638 2.37723 217.733 0.389396 0.0005 3.88957 0.000121686 597488 1.33312  
2.75771 0 1.88605 0.110104 1.97374 196.851 0.476668 0.0005 4.48944 0.000148056 537764 0.330537  
2.59753 0 2.16946 0.114749 2.38318 199.61 0.405594 0.0005 3.33203 9.9307e-05 888228 0.784985  
2.03276 0 1.98693 0.0893757 1.78193 223.606 0.518179 0.0005 4.37752 0.000156854 469841 1.08103  
2.47586 0 2.00163 0.0878671 2.14747 212.378 0.558134 0.0005 3.41404 0.000114765 792350 1.22494  
2.08647 0 2.36589 0.0953479 2.23849 205.126 0.457296 0.0005 3.70406 0.000165298 165193 0.307678  
2.24233 0 1.87188 0.0976798 2.18129 195.493 0.452651 0.0005 3.98269 0.000109328 441500 0.703914  
1.97471 0 2.2417 0.107368 2.68231 169.033 0.589646 0.0005 3.98433 0.000116311 757034 0.288715  
2.22994 0 1.84799 0.0872434 2.18373 242.386 0.454372 0.0005 4.41475 8.74667e-05 87764 1.24555  
2.504 0 2.27835 0.101598 2.55995 204.619 0.474935 0.0005 4.43303 0.000105494 470124 1.37858  
2.52118 0 2.01398 0.102189 2.26981 187.557 0.42931 0.0005 3.8135 0.000110295 324914 1.47487  
2.27762 0 2.38355 0.0976506 2.41827 226.691 0.497622 0.0005 4.35072 0.000109203 936987 1.31965  
2.07824 0 2.08862 0.125351 1.97483 195.336 0.465662 0.0005 4.14739 0.00012347 275856 1.33056  
2.37402 0 1.88868 0.0898305 2.51926 204.714 0.383799 0.0005 4.16026 0.000149711 373743 0.975946  
2.57277 0 2.26843 0.0922939 2.28906 172.191 0.568772 0.0005 3.75747 0.000111546 346491 0.469401  
2.5278 0 2.1747 0.10696 2.35937 225.643 0.438777 0.0005 3.53601 0.00015939 322227 0.778746  
1.93948 0 2.19768 0.0786917 3.02498 196.188 0.530667 0.0005 4.31931 0.000127415 148365 0.678467  
2.67056 0 2.34636 0.0869482 2.29989 215.881 0.437841 0.0005 5.22453 9.17143e-05 709859 1.42695  
2.25894 0 2.18174 0.0982987 2.14362 207.045 0.443147 0.0005 4.28373 0.000110284 281936 0.483469  
2.02814 0 2.1573 0.10343 2.52694 227.495 0.470913 0.0005 4.58836 0.000125242 151432 0.454735  
2.18804 0 1.82367 0.0946638 2.28779 213.924 0.493955 0.0005 3.85568 8.20764e-05 452551 0.56952  
2.03746 0 2.30624 0.0801606 2.11059 225.016 0.461079 0.0005 4.00333 0.00012628 316437 0.493302  
1.96485 0 2.09254 0.0995321 2.2964 205.272 0.460763 0.0005 3.85661 0.000162675 899228 1.32375  
2.31578 0 1.93827 0.0921054 2.21334 190.465 0.484052 0.0005 4.64676 0.000170943 153275 1.37853  
2.46164 0 1.91204 0.103826 2.23259 203.105 0.509031 0.0005 4.50063 0.000163303 975407 0.348796  
2.15977 0 2.74328 0.100034 2.33758 199.924 0.505919 0.0005 3.52441 9.85773e-05 901474 0.45381  
2.09657 0 2.51902 0.0967947 2.59043 180.615 0.424139 0.0005 4.13476 0.00010844 276121 0.396127  
1.80306 0 1.85484 0.0907346 2.42363 214.638 0.418367 0.0005 4.27172 0.000145323 468858 1.34396  
2.16522 0 1.91082 0.112649 2.29658 202.52 0.509554 0.0005 3.62703 9.84967e-05 794395 1.19008  
1.95641 0 1.89986 0.110993 2.43982 190.323 0.486583 0.0005 4.09885 0.000119728 36029 0.829701  
2.16416 0 2.20461 0.0834294 2.26348 215.062 0.417791 0.0005 4.12027 5.0242e-05 661237 0.394755  
2.02279 0 1.92433 0.0946701 2.26919 215.597 0.429342 0.0005 3.96383 7.73614e-05 908235 0.881262  
2.34952 0 2.2309 0.0983298 2.1302 213.728 0.451084 0.0005 4.01056 5.94099e-05 573793 0.26822  
2.03217 0 2.36837 0.0918843 2.5227 176.596 0.440218 0.0005 3.756 0.000169739 65818 1.4522  
2.59283 0 1.9023 0.0869514 2.26715 215.978 0.441176 0.0005 3.75258 7.92329e-05 894428 0.867852  
2.31629 0 2.22662 0.0824744 2.4671 151.63 0.454741 0.0005 3.79463 0.000162179 366143 1.30574  
2.85399 0 2.42882 0.098475 2.28271 214.36 0.42773 0.0005 3.53533 0.000134841 231011 1.46497  
2.20808 0 1.63081 0.104142 2.50736 196.988 0.45967 0.0005 4.25224 0.000143962 335928 0.448998  
2.45543 0 2.39459 0.0997275 2.63609 173.228 0.503966 0.0005 3.73271 0.000136123 639529 1.40347  
2.1427 0 2.07276 0.082167 2.4963 216.497 0.42258 0.0005 3.94122 0.000141589 318776 0.742691  
2.828 0 2.23096 0.107063 2.17869 219.401 0.455488 0.0005 4.44029 0.000133718 322404 0.590317  
2.176 0 1.87691 0.107941 2.62452 216.873 0.467507 0.0005 4.26332 0.000169887 964443 0.568289  
1.81893 0 2.52363 0.102424 2.20624 210.415 0.39814 0.0005 4.50979 0.000159752 255763 0.81212  
2.42287 0 1.92254 0.0990924 2.31887 231.472 0.387107 0.0005 3.38641 0.000134213 114613 0.255339  
2.48449 0 2.39647 0.0966351 2.48391 183.413 0.403446 0.0005 4.2192 0.000110055 854538 0.654508  
2.61134 0 2.57107 0.0995692 2.34176 192.088 0.405274 0.0005 4.20787 9.55908e-05 118606 0.385926  
2.37379 0 2.12623 0.101087 2.24798 194.981 0.468567 0.0005 3.33571 0.000115104 436840 0.645519  
2.5356 0 2.80164 0.0979138 2.5177 199.54 0.421921 0.0005 4.04724 9.21542e-05 2904 0.419716  
2.25223 0 2.35355 0.104425 2.1231 199.892 0.491533 0.0005 4.34057 0.00014838 344818 1.36762  
2.55063 0 2.46634 0.0976272 2.01557 215.386 0.405434 0.0005 4.09866 0.000110684 235128 0.52804  
2.2074 0 2.29748 0.10192 2.73526 205.671 0.506408 0.0005 4.12181 0.000165245 670688 0.669795  
2.2373 0 1.88892 0.096315 2.24949 164.832 0.458403 0.0005 4.44805 9.03111e-05 797369 0.709683  
2.17018 0 1.97088 0.0768032 2.50642 194.433 0.458821 0.0005 3.47043 0.000110132 67917 0.986777  
2.26395 0 2.347 0.100146 2.73964 182.664 0.524834 0.0005 3.66626 0.000104614 569917 1.00398  
2.31865 0 1.78985 0.108945 2.31839 180.993 0.509357 0.0005 3.99685 0.000152145 466996 1.00491  
2.20011 0 1.99336 0.0948729 2.29758 194.749 0.490954 0.0005 3.52098 0.000145575 43324 0.812431  
2.4804 0 2.16528 0.0918784 2.03953 253.787 0.472095 0.0005 3.72022 0.000151247 987743 0.663764  
2.21554 0 1.88014 0.0988587 2.76939 209.942 0.428545 0.0005 3.27265 9.50692e-05 259470 0.379282  
2.38526 0 2.09522 0.0990545 2.36397 202.415 0.428876 0.0005 3.95403 0.000111898 512183 0.360155  
2.51464 0 2.14955 0.0989421 2.30765 214.384 0.398021 0.0005 4.24915 6.54311e-05 298490 1.05349  
2.11846 0 2.35752 0.0911859 2.29998 198.788 0.48412 0.0005 4.63639 0.000142577 295499 1.21992  
1.86429 0 1.98187 0.107478 2.37321 183.154 0.520355 0.0005 3.32248 8.05543e-05 689772 1.04935  
1.944 0 2.18247 0.10449 2.3473 209.267 0.445747 0.0005 4.45082 0.000118376 206725 1.16039  
2.58317 0 2.41385 0.0935607 1.99493 220.408 0.420027 0.0005 3.70541 9.59363e-05 385644 0.859123  
2.61922 0 2.08604 0.0939999 2.22854 241.405 0.408918 0.0005 3.59566 0.000117771 755590 0.572285  
2.3966 0 1.95571 0.0763298 2.23202 175.668 0.416542 0.0005 4.97081 0.000134681 617505 0.262477  
2.02994 0 2.35884 0.0961508 2.48683 226.115 0.456195 0.0005 4.12138 9.98912e-05 268139 1.0806  
2.47649 0 2.44843 0.0967208 2.7078 216.39 0.450539 0.0005 4.10015 0.000112232 502954 0.775231  
2.48193 0 2.36278 0.0779874 2.44176 232.11 0.495485 0.0005 3.97362 0.000127107 469786 0.921532  
2.18526 0 2.1481 0.0831965 2.39425 222.694 0.516002 0.0005 4.08412 0.000106811 907669 0.66032  
2.64446 0 2.42815 0.0850236 2.22019 182.999 0.430995 0.0005 4.32545 0.000118864 338082 0.71949  
1.94565 0 2.03299 0.0984563 2.06943 224.46 0.549978 0.0005 3.65302 7.64225e-05 308542 1.03038  
2.74288 0 2.06997 0.100361 2.15078 202.136 0.50322 0.0005 4.64464 0.000109011 388464 1.20532  
2.23791 0 2.27741 0.0982125 2.30901 174.228 0.472311 0.0005 3.84807 0.000167478 110197 1.05166  
2.30883 0 1.99202 0.107935 2.15398 207.913 0.491636 0.0005 4.19198 0.000144165 939507 1.00355  
2.48194 0 1.84803 0.0893816 2.04568 216.703 0.450318 0.0005 3.71903 9.88151e-05 759355 0.859414  
2.40085 0 2.28421 0.094926 1.89937 196.286 0.448364 0.0005 3.72045 0.000142575 228804 0.880029  
2.47998 0 2.40597 0.0839276 1.97733 222.605 0.586308 0.0005 3.37444 0.000150325 376348 1.47814  
2.35873 0 2.46962 0.0981364 2.46577 196.012 0.428282 0.0005 4.43975 0.000141742 278611 1.11017  
2.2284 0 2.04542 0.0827883 2.39036 204.384 0.452857 0.0005 3.43305 0.000108595 573622 0.793228  
2.12471 0 2.15413 0.0879727 1.97928 242.57 0.451876 0.0005 4.43108 0.00011402 127828 1.21864  
2.23888 0 1.65949 0.101794 2.32706 182.036 0.44999 0.0005 3.5667 0.000178089 949299 0.811363  
2.32189 0 1.69774 0.0958893 2.05332 192.893 0.471997 0.0005 4.68762 7.5794e-05 887343 1.13321  
1.92529 0 1.83471 0.106527 2.70507 212.82 0.426593 0.0005 4.2416 0.000139666 195746 0.5506  
2.0259 0 1.94652 0.0922523 2.23813 167.769 0.522502 0.0005 3.78574 0.000118329 35568 1.37658  
2.72869 0 1.78072 0.108377 2.25541 176.945 0.405306 0.0005 3.8141 0.000141978 354340 1.40866  
2.07973 0 2.24354 0.0995725 2.51472 214.964 0.387609 0.0005 3.55191 0.000132426 755422 0.845982  
2.50038 0 2.44596 0.0940051 2.51772 194.205 0.424557 0.0005 3.85652 0.000144333 23311 1.43252  
2.07595 0 2.24508 0.10954 2.2177 191.414 0.516407 0.0005 4.13539 0.000127195 613810 0.271454  
2.37355 0 2.35998 0.0844076 2.17965 170.287 0.514454 0.0005 3.77772 0.000146687 267605 0.839026  
2.44804 0 2.20771 0.0805014 2.42802 228.872 0.498851 0.0005 3.73892 0.000205726 321801 1.33375  
2.37675 0 1.86847 0.100434 2.33586 183.5 0.498392 0.0005 4.43975 0.000124699 425661 0.891702  
2.00097 0 2.01745 0.0969434 2.51594 192.688 0.478926 0.0005 4.36298 0.00013028 473730 1.04955  
2.51267 0 2.44303 0.0927561 1.98221 185.227 0.448691 0.0005 3.03981 9.90303e-05 44878 0.318659  
2.05744 0 2.08169 0.101126 2.43676 204.527 0.477782 0.0005 3.43179 6.54591e-05 811305 1.20203  
2.61797 0 1.94611 0.09334 2.11346 193.328 0.418249 0.0005 4.69325 0.00011884 229320 0.734095  
2.47001 0 1.88919 0.0966444 2.35995 232.727 0.515146 0.0005 4.26334 0.000157399 178736 1.13989  
2.09432 0 2.3503 0.0957412 2.61628 215.411 0.477239 0.0005 4.47382 0.000141218 79444 0.624434  
2.15518 0 2.16272 0.101638 2.12994 192.036 0.441659 0.0005 4.52208 0.000101987 248626 0.593386  
2.43549 0 2.00973 0.0941881 2.26988 245.635 0.478103 0.0005 4.57955 8.71006e-05 648522 1.48234  
2.77949 0 2.55757 0.0925616 1.98939 195.691 0.477631 0.0005 5.09354 9.37066e-05 503465 1.37714  
2.13 0 2.20482 0.0907264 2.49669 203.523 0.393691 0.0005 3.80414 5.90088e-05 586708 1.12547  
2.21361 0 2.01548 0.0938657 2.34787 166.729 0.483021 0.0005 4.41233 0.000163166 473416 0.866519  
2.15694 0 2.09427 0.104874 1.92708 213.577 0.381189 0.0005 3.55401 0.000109711 408282 1.26061  
2.26453 0 2.46057 0.109588 2.27294 220.021 0.433586 0.0005 3.84489 0.000182841 213258 1.32661  
2.2572 0 2.18183 0.102248 2.43406 224.906 0.426945 0.0005 4.29668 0.000161976 412924 1.11751  
2.6987 0 2.10869 0.100535 1.90841 217.419 0.446312 0.0005 4.67457 0.000139217 167637 0.624559  
2.32788 0 1.83032 0.0856131 2.27757 189.961 0.459234 0.0005 3.71409 0.000123183 442062 0.325322  
1.92603 0 1.77251 0.106579 2.39002 180.03 0.538164 0.0005 3.81741 0.000131471 305624 1.04872  
2.08752 0 2.28112 0.089759 2.29105 212.46 0.419861 0.0005 4.52033 0.000133636 962600 0.40087  
2.78719 0 2.11477 0.0985238 2.09414 237.132 0.524573 0.0005 3.67618 0.000128978 532036 1.34651  
2.51742 0 1.91422 0.0837436 1.7975 212.274 0.45208 0.0005 3.79572 0.00015238 433452 1.31929  
2.55087 0 2.04563 0.102002 2.75957 213.33 0.440353 0.0005 4.21557 0.000151227 911899 1.21044  
2.60701 0 2.37244 0.1087 2.13731 246.592 0.531975 0.0005 4.25577 8.15404e-05 419379 1.28861  
2.68188 0 2.42817 0.100817 2.19861 213.122 0.474545 0.0005 4.67903 0.000163794 145550 0.454381  
2.07668 0 1.83018 0.0910875 2.3742 207.24 0.46421 0.0005 4.39684 0.000120046 947468 0.676073  
2.23776 0 2.62738 0.106592 2.13326 250.916 0.458159 0.0005 3.99868 0.000141681 290071 1.49234  
2.27348 0 2.09418 0.118548 2.42908 229.147 0.476821 0.0005 3.20407 0.00014098 900973 0.921717  
2.34086 0 2.19238 0.101168 2.68445 238.836 0.444357 0.0005 3.77097 0.000111904 487131 1.29205  
2.37015 0 2.00353 0.0942094 2.06248 180.52 0.418209 0.0005 3.4122 0.000109772 903881 0.510561  
2.4616 0 2.24799 0.0910262 2.46653 224.47 0.495259 0.0005 4.4446 0.000107592 684930 1.19898  
2.34818 0 1.89003 0.0930017 2.39177 203.636 0.38678 0.0005 4.34069 0.000158617 808933 1.23782  
2.2933 0 2.18514 0.0826995 1.69865 183.978 0.53103 0.0005 4.23927 0.000165322 845894 0.802506  
2.35254 0 2.20795 0.0859869 2.55522 227.015 0.40724 0.0005 3.17429 0.000175494 158660 0.375063  
2.45824 0 2.60791 0.109289 2.35687 170.781 0.488737 0.0005 4.04772 0.000161678 370163 0.351013  
2.54589 0 2.22804 0.0983803 2.57974 203.17 0.440769 0.0005 3.67413 8.77463e-05 657199 0.859104  
2.38701 0 2.18416 0.100076 2.27964 172.899 0.475977 0.0005 3.4764 0.000124421 387981 1.45475  
2.44687 0 2.08854 0.0979399 2.46841 187 0.447104 0.0005 4.49115 0.000143744 548899 0.730319  
2.60123 0 2.38248 0.0947001 2.6381 216.568 0.400753 0.0005 3.45407 0.000184446 252996 0.756911  
2.14635 0 2.24333 0.101069 2.21032 163.496 0.498792 0.0005 4.08621 0.000102877 152959 0.31113  
2.12101 0 2.30107 0.0881511 2.41617 237.037 0.451909 0.0005 4.06935 0.000118548 713773 0.506505  
1.92025 0 2.16047 0.0987635 2.09918 238.958 0.436029 0.0005 4.31883 0.000131809 272813 0.640281  
2.73788 0 1.84369 0.100637 2.32637 245.395 0.44783 0.0005 3.70333 0.000151665 739668 1.35062  
2.37055 0 1.96715 0.0927676 2.73497 209.98 0.447555 0.0005 4.32407 0.000154109 187190 1.24218  
1.7436 0 2.06232 0.101931 2.42465 179.937 0.483336 0.0005 4.34235 9.15039e-05 681095 0.341795  
2.29941 0 2.2098 0.0960887 2.39764 222.1 0.396836 0.0005 4.83668 0.000144519 952926 0.427428  
2.38848 0 2.18763 0.121298 2.78919 199.671 0.407321 0.0005 4.11691 0.000126197 116466 0.76935  
2.48567 0 2.54328 0.0982313 2.48023 186.647 0.493767 0.0005 3.6001 8.21979e-05 365084 1.48924  
2.13083 0 2.35502 0.0814391 1.92547 224.746 0.496195 0.0005 3.89528 0.000134877 911340 0.389651  
1.86946 0 2.2239 0.113907 2.61142 248.137 0.488973 0.0005 3.84903 8.72423e-05 422090 0.474655  
2.82546 0 1.83211 0.0921362 2.47878 223.521 0.462782 0.0005 3.31828 0.000109695 327684 0.703535  
2.42758 0 2.15768 0.0948592 2.03855 185.014 0.41442 0.0005 3.94608 0.000106958 443376 0.495332  
2.49445 0 2.46407 0.113369 2.49471 201.714 0.510295 0.0005 3.18039 0.0001428 855542 0.504209  
2.43501 0 2.18711 0.108239 2.24636 176.562 0.527237 0.0005 4.20473 0.00012855 755936 1.43915  
2.3543 0 2.11568 0.0995425 2.22817 189.878 0.454786 0.0005 4.48977 0.000108639 379107 0.489494  
2.27123 0 2.47113 0.110618 2.56782 216.36 0.544203 0.0005 4.14251 9.93921e-05 517445 0.454317  
2.33722 0 2.20354 0.105484 2.08079 180.178 0.540994 0.0005 4.12752 0.000121733 219756 1.36986  
2.69917 0 2.44755 0.0938879 2.24283 205.331 0.419067 0.0005 3.82163 0.000122011 669179 0.884979  
2.28176 0 2.09915 0.0897116 2.03831 207.796 0.504067 0.0005 4.19815 0.000116222 418418 0.859185  
2.37402 0 2.51793 0.105149 2.47959 212.568 0.501265 0.0005 4.33654 0.000163859 706887 1.07515  
2.46108 0 2.22387 0.0863087 2.38786 190.41 0.406001 0.0005 4.35528 0.000202953 89412 1.42738  
1.70088 0 2.32123 0.0921148 2.28555 202.414 0.393892 0.0005 4.40638 0.000117433 103348 1.17027  
2.62062 0 2.08887 0.0927579 2.55781 196.042 0.410104 0.0005 3.75212 0.000147626 32172 0.399072  
2.58344 0 2.32713 0.097052 2.5922 216.148 0.522655 0.0005 3.53613 0.00012191 451659 0.466464  
2.47302 0 2.07057 0.0990916 2.61629 253.036 0.499618 0.0005 3.67961 7.93187e-05 262009 1.45484  
2.1858 0 1.83304 0.100088 2.18464 188.247 0.539263 0.0005 3.63944 0.000103161 402336 0.97707  
2.24763 0 1.97994 0.100642 2.5656 224.722 0.499397 0.0005 4.13946 0.000101416 625210 1.31081  
2.22722 0 2.27268 0.0867516 2.32073 215.467 0.479003 0.0005 3.3411 8.54195e-05 166342 1.49488  
2.19123 0 2.19279 0.0970328 2.6064 196.829 0.500243 0.0005 3.88996 7.57533e-05 467587 0.43174  
2.42019 0 2.01644 0.106566 1.95511 194.584 0.495352 0.0005 4.6292 0.000141565 878206 0.348713  
2.46146 0 2.46326 0.0863838 2.62695 216.553 0.488373 0.0005 3.71579 0.000112481 319301 1.07709  
2.23033 0 2.07298 0.111607 2.55182 177.129 0.460703 0.0005 3.99824 6.3339e-05 697713 0.988683  
2.06942 0 2.21585 0.0902538 2.59415 174.358 0.492182 0.0005 3.48205 0.000142273 667372 1.22464  
2.36435 0 2.37891 0.0933651 2.41468 186.114 0.385028 0.0005 3.62451 0.000181881 575321 0.67719  
2.36942 0 2.28201 0.0807131 2.20884 243.556 0.423521 0.0005 4.31137 0.000121377 401255 1.11872  
2.58343 0 1.77369 0.104738 2.83412 193.383 0.45265 0.0005 3.94121 0.000138536 864819 0.450269  
2.24818 0 1.94472 0.0949376 2.44574 217.194 0.480618 0.0005 3.90111 0.000107751 44599 0.804012  
2.23506 0 1.95267 0.0886306 2.34351 180.947 0.537425 0.0005 3.85082 0.000117293 517721 0.673663  
2.5733 0 1.87615 0.100423 2.25173 170.786 0.440468 0.0005 4.48141 0.000155008 229904 0.796633  
2.24462 0 2.48199 0.0923103 2.31003 206.992 0.509917 0.0005 3.50324 0.000154661 955939 1.11054  
2.20607 0 2.3644 0.0856836 2.09289 203.107 0.367216 0.0005 4.65451 0.000101215 939811 1.47592  
2.60003 0 2.11281 0.102819 2.27795 195.075 0.507515 0.0005 4.57537 0.000124643 73940 1.43468  
2.30684 0 2.47411 0.107355 2.21549 184.711 0.4935 0.0005 3.95784 8.38992e-05 915667 0.952422  
2.54524 0 2.44483 0.103891 2.23422 198.449 0.510948 0.0005 4.1716 0.000129808 311705 1.15606  
1.83376 0 2.38253 0.0863434 2.27226 221.837 0.514403 0.0005 3.59718 0.00013815 346228 0.945424  
2.17045 0 2.18782 0.103384 2.36805 206.678 0.42831 0.0005 3.82936 8.55711e-05 811127 1.37105  
2.48619 0 2.06868 0.0901591 2.37488 197.769 0.450744 0.0005 3.49914 0.0001792 829150 1.02955  
2.54468 0 1.8392 0.123474 1.98944 203.556 0.446339 0.0005 4.60314 8.27955e-05 565984 0.496598  
2.25465 0 2.18519 0.085264 2.12164 192.78 0.496459 0.0005 3.35124 6.42639e-05 996658 0.823848  
2.23621 0 2.33216 0.0888331 2.3042 212.199 0.485035 0.0005 4.52852 0.000103604 763920 0.342258  
2.18428 0 2.18718 0.0779951 2.33963 187.464 0.490886 0.0005 3.94055 0.000137125 789224 0.700452  
2.24845 0 2.32205 0.0969 2.19388 182.25 0.488103 0.0005 4.17429 0.000121523 602422 0.681159  
2.09606 0 2.00887 0.0959154 2.20071 216.311 0.520262 0.0005 3.97829 8.46896e-05 867269 0.397727  
1.96759 0 2.42962 0.0981112 1.85954 240.223 0.486422 0.0005 3.75421 8.82522e-05 821396 1.09942  
2.0706 0 2.23199 0.0880214 2.21026 195.755 0.52713 0.0005 3.89956 0.000117691 54081 1.25366  
2.26914 0 1.9733 0.108867 2.48349 225.498 0.45188 0.0005 3.53113 0.000100118 645630 0.294378  
2.06955 0 1.67613 0.091596 2.43342 201.968 0.450985 0.0005 4.331 0.000131325 740084 0.51782  
2.69252 0 1.89298 0.0936544 2.40964 160.562 0.497852 0.0005 4.96138 0.000120298 679292 1.21021  
2.49389 0 1.90344 0.108296 2.1907 183.419 0.562859 0.0005 2.99192 0.000120556 811972 0.37327  
2.50113 0 1.89134 0.0988748 2.27241 198.319 0.494695 0.0005 4.28788 0.000159078 207672 0.384254  
2.76466 0 1.97683 0.101116 2.42867 191.981 0.460391 0.0005 3.17782 8.52521e-05 73850 0.670622  
2.52716 0 1.98467 0.0970453 2.07931 190.499 0.461544 0.0005 4.92577 0.000106913 647625 0.40865  
2.27906 0 2.1321 0.0879861 2.1534 238.287 0.376651 0.0005 4.41137 9.27122e-05 905385 1.4492  
2.06105 0 2.21859 0.101459 2.52476 208.115 0.471556 0.0005 3.98354 6.79053e-05 741222 0.869558  
2.70657 0 2.07297 0.101407 2.6639 218.402 0.472767 0.0005 4.40965 0.000136461 739299 1.07492  
2.60488 0 2.05971 0.104112 2.2343 211.167 0.46584 0.0005 4.35207 0.000113528 306640 0.970027  
1.92963 0 2.17653 0.115985 2.12291 219.34 0.418215 0.0005 4.17651 0.000151206 606042 1.49114  
2.15526 0 2.53311 0.11856 2.26672 202.148 0.459659 0.0005 4.52093 0.000170384 783898 0.879771  
1.85323 0 2.69252 0.105312 2.38553 202.849 0.440171 0.0005 4.31621 0.000100373 340713 0.332743  
1.98093 0 1.85754 0.101562 2.80057 216.558 0.456677 0.0005 4.4919 0.000123949 352298 0.356407  
2.33951 0 2.04476 0.0927085 1.98239 182.039 0.487172 0.0005 3.82394 0.000108577 256190 1.17157  
2.18044 0 2.13331 0.0898956 1.94612 180.604 0.384138 0.0005 3.7342 0.00010588 280524 0.79296  
2.22464 0 2.11489 0.089049 2.31102 194.026 0.453693 0.0005 3.43457 8.22398e-05 942590 1.34243  
2.53701 0 2.14323 0.0989372 2.35879 167.036 0.508676 0.0005 3.84074 0.000116568 688209 1.18063  
2.05162 0 2.18616 0.107328 2.49007 207.727 0.434039 0.0005 3.63865 0.000186678 108581 0.929664  
2.16881 0 2.309 0.0826962 2.23677 199.503 0.438816 0.0005 4.39647 0.000132108 288819 0.510969  
2.46389 0 2.5301 0.106219 2.31202 182.892 0.457131 0.0005 3.921 8.92779e-05 499336 1.10532  
2.54992 0 2.36346 0.0780651 2.02679 202.028 0.40676 0.0005 4.82349 0.000131719 937732 1.28321  
1.90776 0 1.63078 0.097845 2.49402 207.23 0.439115 0.0005 3.97455 0.000112943 371155 0.449575  
2.43472 0 1.9664 0.108308 2.7106 190.844 0.44305 0.0005 4.07589 0.000156879 495994 0.712368  
2.4072 0 1.92356 0.0891659 2.05774 234.048 0.533342 0.0005 4.30726 0.0001007 218004 1.07125  
2.33897 0 2.23869 0.0894142 2.37342 226.357 0.471657 0.0005 3.82013 0.000161535 160379 0.667402  
2.42144 0 2.19182 0.0951064 2.34304 177.975 0.438615 0.0005 4.22834 9.24013e-05 614769 0.683298  
2.22272 0 2.00077 0.088862 2.52572 212.132 0.470127 0.0005 4.75599 0.000135505 85273 0.967508  
2.22603 0 2.25195 0.0980307 2.30528 171.45 0.455327 0.0005 4.15183 0.000123656 981776 0.470323  
2.24878 0 1.87526 0.0949087 2.26009 215.675 0.459919 0.0005 3.84893 0.000145287 668850 0.534235  
1.95309 0 2.45181 0.0995023 2.24023 166.979 0.46176 0.0005 4.68995 0.00012889 247255 1.37359  
2.10875 0 1.8423 0.112089 2.22076 201.094 0.559508 0.0005 3.7703 8.86103e-05 721860 0.659655  
2.13064 0 2.399 0.0814615 2.31078 214.818 0.513343 0.0005 4.33631 0.000111175 348142 0.794177  
2.1041 0 2.52881 0.0977076 2.13347 184.622 0.513166 0.0005 4.28755 0.000158927 575579 1.35936  
2.50859 0 2.16515 0.0915942 2.52328 203.756 0.474295 0.0005 3.63349 0.000108547 445884 0.923565  
1.94897 0 2.29325 0.108661 2.48846 232.926 0.472187 0.0005 4.18966 0.000115476 421993 1.40988  
2.2955 0 2.14968 0.100198 1.95079 219.708 0.509076 0.0005 3.99269 9.95994e-05 223205 0.881261  
2.15252 0 2.14821 0.0975683 2.33208 228.189 0.435026 0.0005 4.66453 0.000101189 867621 0.28543  
2.21287 0 2.02493 0.0890695 2.08111 215.985 0.438336 0.0005 4.30112 0.00010759 679567 0.386125  
2.52104 0 2.03211 0.0897033 2.28732 213.879 0.404551 0.0005 4.33051 0.000134513 962504 0.564681  
2.61406 0 1.98987 0.109421 2.35202 203.702 0.473138 0.0005 4.21932 0.000108467 690613 1.27519  
2.25228 0 2.38434 0.0908531 2.50904 201.791 0.527367 0.0005 3.78754 0.000142204 801961 1.44947  
2.19624 0 2.06795 0.0998805 2.54746 209.636 0.432694 0.0005 3.5088 0.000122805 262754 1.20596  
2.19046 0 2.39303 0.0816226 2.75783 211.406 0.478709 0.0005 3.99138 0.000134257 31326 1.35158  
2.29795 0 1.97306 0.0977219 2.65673 208.45 0.558205 0.0005 4.37517 0.000125283 154259 0.530549  
2.36219 0 1.9461 0.0890008 1.96592 170.441 0.497729 0.0005 3.68972 0.000167255 518944 0.518653  
2.36156 0 1.93761 0.0873356 2.91807 197.712 0.464351 0.0005 3.46874 0.000147534 828202 1.48824  
2.26561 0 2.09842 0.0984752 2.04635 174.219 0.468122 0.0005 4.02084 0.000127785 613202 1.31584  
2.29735 0 2.52726 0.0955568 2.43075 216.172 0.368922 0.0005 3.88534 0.000113691 723506 1.21156  
2.79257 0 1.97682 0.0896881 2.05681 150.377 0.45457 0.0005 4.20436 0.00016361 936784 0.635827  
2.37117 0 2.08301 0.0936093 2.309 188.781 0.480165 0.0005 3.392 0.000100877 902021 0.76367  
1.81647 0 2.05348 0.0853193 2.30521 212.353 0.457678 0.0005 4.76485 0.000179992 222842 0.886148  
2.49041 0 1.94142 0.102548 2.5144 193.358 0.458188 0.0005 4.08862 4.45355e-05 390868 0.648301  
2.36148 0 2.19055 0.0938008 2.86756 181.906 0.43137 0.0005 3.97771 0.000145017 789528 0.661063  
2.02398 0 2.07347 0.0869231 2.22993 198.96 0.495762 0.0005 3.8119 0.000105622 235189 1.22437  
2.33597 0 2.11807 0.0748316 2.28246 207.493 0.469196 0.0005 4.17059 0.000165623 608872 1.16125  
2.42724 0 2.38709 0.095402 2.38071 199.726 0.497628 0.0005 3.343 0.000171615 949908 0.824276  
2.55426 0 2.18666 0.117384 2.23384 222.231 0.466635 0.0005 4.14673 0.000139852 849958 0.895188  
2.64772 0 1.92978 0.0864781 1.88699 203.403 0.444246 0.0005 3.73828 0.00012137 210498 1.234  
2.2551 0 2.2603 0.103706 2.02611 232.404 0.470563 0.0005 4.50572 0.000138137 448036 1.10115  
2.12859 0 1.86451 0.113569 2.17962 199.897 0.371555 0.0005 3.91609 0.000119883 518808 0.552781  
2.42692 0 2.24453 0.0736968 2.26334 209.098 0.47365 0.0005 3.64615 0.000106888 457753 1.36097  
2.49515 0 2.12021 0.103107 1.80229 215.426 0.528996 0.0005 4.42407 0.000168853 686248 0.58676  
2.56113 0 1.9647 0.106476 1.97842 232.242 0.358666 0.0005 4.35678 9.99987e-05 383303 1.25226  
2.63971 0 2.47257 0.10707 2.0832 207.941 0.469297 0.0005 4.15209 0.000114069 33333 0.582398  
1.95933 0 2.20032 0.0953932 2.70984 176.56 0.484289 0.0005 4.55074 0.000123659 132133 0.293676  
1.99154 0 1.89898 0.0914731 1.83773 244.898 0.457407 0.0005 3.65173 0.000155006 321648 0.271142  
1.90322 0 2.2074 0.106371 2.37651 219.858 0.441596 0.0005 4.42571 0.000168059 772890 0.807625  
2.23748 0 2.14349 0.0820823 2.35069 197.56 0.459865 0.0005 4.45152 0.000108941 999754 0.443027  
2.3845 0 2.12244 0.0895961 2.46411 212.897 0.388592 0.0005 4.4227 0.000183287 517567 0.812038  
1.98686 0 1.74359 0.0922307 2.03937 224.938 0.497763 0.0005 3.64636 0.000129381 251746 1.05812  
2.10753 0 2.24332 0.0845417 2.60362 192.453 0.428352 0.0005 4.56072 0.000115352 690368 1.11208  
2.60376 0 2.09752 0.0842376 1.87851 216.315 0.436304 0.0005 4.20272 0.000132524 319529 1.37374  
2.46069 0 1.84875 0.0895785 1.86207 194.154 0.45387 0.0005 4.03649 0.000129382 514500 0.877192  
2.43364 0 2.0108 0.107075 2.02745 206.588 0.453471 0.0005 4.30823 0.000127343 238046 0.947018  
2.4376 0 1.98088 0.106183 2.26859 207.905 0.49267 0.0005 3.94249 0.00015168 473788 0.443524  
1.90963 0 2.28256 0.0950948 2.57609 203.529 0.365016 0.0005 3.98048 0.000130805 549797 0.846186  
2.37266 0 2.07694 0.0932301 2.11422 199.977 0.459062 0.0005 3.96554 8.52797e-05 66249 1.3881  
1.98153 0 2.02044 0.105205 1.97244 208.42 0.47754 0.0005 3.92083 0.000106539 86990 0.626991  
2.48661 0 2.34398 0.0940702 2.11367 188.862 0.436618 0.0005 3.23058 0.000146134 273303 0.40868  
2.00618 0 2.10328 0.0958479 1.89234 193.906 0.464162 0.0005 4.33617 0.000138859 3033 0.637966  
2.83775 0 1.81029 0.0912347 2.53085 214.56 0.474905 0.0005 4.43044 0.000196362 505363 1.41034  
1.86256 0 2.52631 0.0866483 2.11848 201.697 0.485457 0.0005 3.94572 0.000136028 12497 0.609868  
2.50204 0 1.93549 0.0958888 2.0677 197.013 0.520847 0.0005 3.99817 5.21957e-05 910253 1.18814  
2.46567 0 2.07535 0.102468 2.22203 230.516 0.494886 0.0005 4.2357 0.000130449 294892 1.32254  
2.26075 0 2.24654 0.092605 2.70533 166.741 0.516892 0.0005 3.76903 0.000155159 247686 0.659409  
2.15633 0 1.82094 0.0966557 2.38378 232.555 0.456855 0.0005 4.0967 9.34122e-05 519125 0.50427  
2.54876 0 2.22067 0.0941892 2.18449 202.789 0.41556 0.0005 4.19987 0.000127801 761152 0.721637  
2.60062 0 1.89114 0.091315 2.18445 195.633 0.436173 0.0005 3.49013 0.000133552 613996 1.27479  
2.14109 0 2.08194 0.110887 2.17537 231.225 0.463655 0.0005 3.52017 6.05514e-05 245975 0.863429  
2.28369 0 2.19941 0.105412 2.26608 187.908 0.447039 0.0005 3.71057 9.05492e-05 209188 0.981223  
2.58061 0 1.60888 0.113107 2.45929 204.492 0.449015 0.0005 4.02391 0.000142231 649157 1.2063  
2.65452 0 2.0848 0.0981717 2.61862 209.391 0.43407 0.0005 4.59411 0.000181695 703729 1.11657  
2.34683 0 2.04221 0.0980001 2.45812 181.534 0.529436 0.0005 3.7731 4.11471e-05 895436 1.3598  
2.08776 0 1.70311 0.0804071 2.26453 219.84 0.441419 0.0005 3.64834 5.92668e-05 32460 0.283301  
2.41543 0 2.30844 0.108324 2.31528 194.842 0.482752 0.0005 4.76504 6.91679e-05 253414 1.24027  
2.29576 0 2.2684 0.0951091 2.45039 201.528 0.48196 0.0005 3.91395 0.000104015 543921 0.679781  
2.07075 0 2.54594 0.0950983 2.47525 233.494 0.433628 0.0005 4.01335 0.000142365 870460 0.358986  
2.5344 0 2.09891 0.108221 2.33382 188.285 0.486007 0.0005 3.57787 9.2996e-05 26304 0.713541  
2.42693 0 2.09716 0.0888828 2.39088 204.664 0.418472 0.0005 3.45529 0.000147994 60028 1.3787  
2.15233 0 2.19863 0.0868735 2.22743 246.281 0.511786 0.0005 4.04004 0.000132002 388027 0.941056  
2.08775 0 2.53858 0.0935425 1.96511 191.117 0.492779 0.0005 3.96846 0.000133152 278050 0.494586  
2.25927 0 2.07284 0.0783486 2.37202 206.942 0.456117 0.0005 3.50852 0.000208113 266748 1.00298  
2.15296 0 1.90379 0.0897395 2.39653 241.468 0.390965 0.0005 4.14453 0.000138266 707556 1.47016  
2.51007 0 2.2101 0.0934749 2.41689 251.869 0.41741 0.0005 3.86292 0.000129009 308902 1.38181  
2.24332 0 2.17603 0.098086 2.11128 198.543 0.531266 0.0005 3.99911 0.000168998 504794 0.932614  
1.71765 0 1.9921 0.100768 2.43091 261.826 0.420556 0.0005 4.05954 0.000128817 697697 1.05847  
2.38104 0 2.22824 0.102947 2.622 209.743 0.4278 0.0005 3.9311 0.000126112 858699 0.466108  
2.07093 0 2.39696 0.093028 2.26412 209.224 0.383023 0.0005 3.97988 0.00017344 571043 0.311987  
2.62213 0 2.15912 0.112644 2.252 220.936 0.44283 0.0005 4.22065 0.000121517 301039 1.02444  
2.60846 0 2.0348 0.0989924 2.40217 208.006 0.454754 0.0005 3.98347 0.000173027 132002 0.665572  
2.09165 0 2.35082 0.0864206 2.20945 197.6 0.365864 0.0005 3.64156 0.000180504 90428 1.26332  
2.72513 0 1.99465 0.0891482 1.73197 189.264 0.46887 0.0005 4.14542 9.18402e-05 806403 1.00014  
2.59932 0 2.03789 0.100166 2.14419 191.903 0.482992 0.0005 3.51538 0.000119907 144500 0.765573  
2.39767 0 1.98423 0.0787407 2.7457 189.074 0.519477 0.0005 3.22274 0.000134261 681 0.451358  
2.23658 0 2.1469 0.114077 2.36439 170.381 0.510224 0.0005 4.27104 0.000125698 617647 1.03064  
2.15267 0 1.9199 0.107922 2.40274 235.121 0.37706 0.0005 3.78386 0.000112127 908538 1.11223  
2.0384 0 1.96667 0.0918745 2.66884 224.054 0.467529 0.0005 4.00347 0.000125303 36159 0.971875  
2.5926 0 2.06783 0.0823845 2.19886 186.782 0.479171 0.0005 3.79109 0.000121519 895151 0.793484  
2.16859 0 2.35552 0.0919954 1.97932 230.236 0.481349 0.0005 3.57887 9.90971e-05 522535 0.345241  
2.46666 0 1.63853 0.0924245 2.43116 195.15 0.530732 0.0005 3.30593 0.000124068 282134 1.17742  
2.81071 0 2.13574 0.0959019 2.43358 204.698 0.467823 0.0005 3.33757 0.000129677 104339 0.554023  
2.19942 0 2.32118 0.116628 2.39211 205.323 0.480622 0.0005 3.63237 0.000118152 171692 0.30265  
2.63837 0 2.17507 0.0942777 2.40713 225.43 0.416186 0.0005 4.10745 0.000115975 502215 1.02023  
2.53958 0 2.6155 0.0831866 2.41956 229.797 0.43951 0.0005 3.92604 0.000142941 516127 0.736615  
2.64122 0 1.50239 0.0932636 1.87735 177.3 0.484282 0.0005 4.43106 0.000119222 720504 0.281592  
2.05184 0 2.42255 0.0988065 2.29166 212.851 0.491574 0.0005 4.06568 0.000156658 755629 0.925886  
2.57211 0 2.06236 0.0915944 2.17992 196.096 0.455889 0.0005 4.35397 9.79029e-05 60049 1.43692  
2.02483 0 1.9489 0.0883046 2.36091 215.104 0.398595 0.0005 4.81757 0.000171497 590964 1.1314  
2.53748 0 2.09434 0.0819963 2.1512 193.593 0.493109 0.0005 4.08382 0.000149848 298285 0.277676  
1.97105 0 2.25968 0.0988704 2.39756 208.278 0.432602 0.0005 3.07572 9.9476e-05 636429 0.323471  
2.11596 0 2.00318 0.0972355 2.33373 230.718 0.43254 0.0005 4.14051 0.000151221 495343 0.589192  
1.85048 0 2.38089 0.102148 1.72715 163.505 0.465682 0.0005 4.9884 0.000148655 576335 1.34194  
2.80077 0 2.31549 0.106254 2.4553 201.511 0.385866 0.0005 4.45351 0.000121976 903177 1.49037  
2.72256 0 2.36564 0.0892148 2.10275 205.931 0.462633 0.0005 3.4706 9.1084e-05 202900 0.627487  
2.49945 0 2.21134 0.0961593 2.54519 184.557 0.468122 0.0005 4.17843 0.000118554 885238 0.600556  
2.77027 0 1.55443 0.101464 2.85877 199.583 0.391602 0.0005 4.44149 0.000137406 407971 1.11436  
1.99674 0 2.17153 0.0988451 2.45209 207.456 0.454839 0.0005 4.28532 0.000156463 416949 0.839276  
2.34364 0 2.14654 0.100206 2.38292 222.539 0.494301 0.0005 4.04398 0.000162221 260289 0.357287  
2.05248 0 1.97599 0.106407 2.45567 181.543 0.445095 0.0005 3.8405 0.000176259 495367 0.975605  
1.96733 0 2.05103 0.0794662 2.53323 215.829 0.530749 0.0005 3.80007 9.9308e-05 717988 0.976315  
2.5418 0 1.98118 0.0984848 2.08557 230.494 0.482468 0.0005 3.91506 0.000103786 392292 1.40351  
2.09327 0 1.82 0.104154 1.97907 174.603 0.421602 0.0005 3.76706 0.000110476 585795 0.630359  
2.36148 0 2.34693 0.0969511 2.27149 199.543 0.438534 0.0005 3.90606 0.000128917 40743 0.572169  
2.28263 0 1.84896 0.100305 2.11723 176.596 0.445322 0.0005 4.88073 0.000120471 53144 0.439011  
2.12839 0 2.18774 0.0960512 2.10292 230.134 0.502311 0.0005 3.99398 0.000134784 102829 0.388457  
1.8867 0 2.23838 0.0809595 2.38501 218.961 0.434989 0.0005 4.28286 0.000121424 658390 1.18145  
2.16918 0 2.57181 0.0975098 2.19414 208.917 0.366807 0.0005 4.27028 0.000108881 961682 0.884328  
2.21491 0 2.10377 0.0999356 2.11579 206.22 0.430158 0.0005 3.29141 9.53995e-05 655340 1.01405  
2.1546 0 2.20162 0.0920963 2.58457 211.271 0.487038 0.0005 4.21802 0.000178527 553541 0.320603  
2.28873 0 2.0565 0.0985668 2.66007 178.153 0.447068 0.0005 4.18139 0.000133148 569 1.11266  
1.82231 0 2.46451 0.0802366 2.7883 241.132 0.463668 0.0005 3.85817 0.000111328 453826 0.806632  
1.98874 0 2.06141 0.0817976 2.28818 211.016 0.43061 0.0005 4.6633 0.000114648 174232 0.41539  
2.26229 0 2.32819 0.101141 2.22108 238.834 0.469764 0.0005 4.27385 0.000110872 172261 0.515099  
2.25922 0 2.69708 0.10467 2.17373 228.086 0.418997 0.0005 4.33312 0.000115899 956042 0.745088  
2.14971 0 2.4377 0.0881622 2.27675 193.327 0.431328 0.0005 4.97755 0.000104437 690360 0.814696  
2.26854 0 2.15814 0.0993565 2.50456 214.589 0.540164 0.0005 3.9762 7.6229e-05 409117 0.464098  
1.9607 0 2.39677 0.112837 2.38183 205.802 0.471513 0.0005 3.56061 0.000181168 228023 0.395107  
2.30144 0 2.43777 0.106694 2.44311 208.473 0.480682 0.0005 4.69966 0.00012418 266761 0.659489  
2.2985 0 1.71015 0.0938701 2.62647 211.858 0.450528 0.0005 4.68197 0.000151257 81 0.487954  
2.36167 0 1.98685 0.0864628 1.99549 196.471 0.468229 0.0005 4.04878 8.13135e-05 526309 0.534014  
2.24128 0 2.23715 0.101375 1.81916 195.528 0.382949 0.0005 4.29844 0.000107238 903190 0.35097  
1.97667 0 2.60185 0.0988054 2.2528 191.902 0.438476 0.0005 4.0516 0.000168555 495425 1.17177  
2.44322 0 2.40101 0.0888474 2.55822 232.271 0.458567 0.0005 4.09801 0.00012668 618996 1.08017  
2.37545 0 2.44424 0.0923664 2.09437 188.386 0.476082 0.0005 4.57805 0.000158636 806367 0.953861  
2.09234 0 2.03993 0.0927794 2.1396 204.743 0.499759 0.0005 3.69272 0.000109116 214677 1.46792  
2.08729 0 2.18561 0.0921573 2.43888 187.805 0.533462 0.0005 3.87381 0.000123186 504234 1.12568  
2.33283 0 2.27967 0.0951801 2.03702 203.018 0.440868 0.0005 3.73183 0.00011121 730690 0.894797  
2.67944 0 2.34417 0.087095 2.22006 204.979 0.568942 0.0005 3.52386 7.83179e-05 631626 0.783439  
2.54127 0 2.10759 0.105562 2.39687 189.935 0.468396 0.0005 3.57017 0.000129894 764524 0.482193  
2.18901 0 2.17482 0.0986663 2.31327 208.898 0.455179 0.0005 4.3171 0.000139942 226057 1.42495  
2.4446 0 2.15633 0.0907042 2.28168 164.531 0.511776 0.0005 4.34232 0.000116636 349614 0.698782  
2.61888 0 2.51278 0.0975617 2.85898 211.501 0.396244 0.0005 4.17789 0.000143563 673168 1.08312  
2.51018 0 2.00043 0.112925 2.63134 194.381 0.497472 0.0005 4.31693 0.000131491 328205 0.643109  
1.86814 0 2.05883 0.0978999 2.24388 162.971 0.42444 0.0005 3.87208 0.000126926 390358 0.818679  
1.93461 0 2.0998 0.115622 2.09046 157.527 0.485331 0.0005 3.57191 0.000138599 726312 0.590067  
2.29825 0 1.95996 0.106765 2.44437 159.392 0.525094 0.0005 3.40097 0.000169798 947386 1.39585  
2.71716 0 2.44022 0.0894191 1.95849 192.172 0.487314 0.0005 4.17593 7.72593e-05 565100 1.08312  
2.1242 0 1.93679 0.104051 2.43936 191.105 0.42294 0.0005 4.83299 9.65046e-05 204346 0.261655  
2.2387 0 2.26571 0.119065 2.57114 200.782 0.343766 0.0005 4.36011 0.000108375 602726 0.343367  
2.0423 0 1.89417 0.0953916 2.07998 215.371 0.45894 0.0005 4.13185 0.000122569 634994 0.455131  
2.41064 0 2.31536 0.0928452 2.21084 209.982 0.504452 0.0005 3.90619 0.000132973 204916 1.12734  
2.02166 0 2.1636 0.0915932 2.28633 177.629 0.48594 0.0005 3.92952 0.000167726 56552 1.46393  
2.26234 0 2.33864 0.0942714 2.03364 206.093 0.47331 0.0005 3.76859 0.000112375 325578 0.575729  
2.44233 0 1.75018 0.0890462 2.05297 244.992 0.472301 0.0005 4.53903 8.88326e-05 893529 0.301983  
2.15586 0 1.9748 0.0960947 2.44132 220.506 0.394227 0.0005 4.03522 0.000128061 528946 0.732299  
2.12194 0 2.40964 0.0855407 2.2716 237.555 0.413554 0.0005 4.25298 0.000130437 532290 0.341872  
2.65208 0 1.75034 0.0998705 2.82961 197.571 0.471202 0.0005 4.02598 0.000117207 302647 1.12935  
2.09631 0 2.41832 0.0896321 1.99702 192.067 0.449163 0.0005 3.76521 0.000104875 756970 1.45825  
2.59938 0 1.75229 0.104453 2.08504 186.98 0.506042 0.0005 4.04289 7.16217e-05 799051 1.0042  
2.41112 0 2.0538 0.092358 2.296 174.403 0.409195 0.0005 3.94872 0.000113532 819080 0.306867  
2.59411 0 2.08604 0.0932405 1.62029 194.433 0.527809 0.0005 3.77807 0.000145529 799631 0.642694  
2.12305 0 2.47508 0.102304 2.44988 195.906 0.563075 0.0005 3.83735 0.000180545 218593 0.782894  
2.61161 0 2.16223 0.109769 2.50983 193.691 0.525287 0.0005 3.91757 0.00010369 830857 1.37133  
2.54028 0 2.5179 0.0918273 2.16522 158.181 0.523467 0.0005 4.12278 8.39879e-05 418627 1.37427  
2.46029 0 1.77551 0.0949623 2.24939 188.542 0.477145 0.0005 3.3109 0.000107154 541312 0.929673  
2.45226 0 2.16429 0.103305 1.89351 207.523 0.421499 0.0005 3.58494 0.000125265 561886 1.46683  
2.46922 0 2.18106 0.0952842 2.122 220.961 0.416038 0.0005 3.33291 0.000130248 439214 0.703779  
1.89422 0 2.23543 0.0862798 2.37797 195.919 0.406962 0.0005 3.61587 0.000181112 788355 1.09483  
2.3708 0 1.91135 0.103432 2.23226 235.974 0.406414 0.0005 4.51999 0.000126253 193512 0.515382  
2.40434 0 2.08774 0.105823 1.9483 207.389 0.436978 0.0005 3.76612 0.00013209 720090 0.273728  
2.3861 0 1.88332 0.0999719 2.13242 220.842 0.549193 0.0005 4.14457 0.000109261 14412 0.42823  
1.87007 0 1.96492 0.0857993 2.01211 229.444 0.580851 0.0005 3.9589 0.000136361 59479 1.02857  
2.39379 0 1.99118 0.0904621 2.65547 207.509 0.509107 0.0005 3.83094 0.00020926 909610 0.253933  
2.63202 0 2.27637 0.0822979 2.27764 208.855 0.447412 0.0005 4.38241 0.000115015 858969 0.959196  
2.20884 0 2.04682 0.0986525 2.20993 226.269 0.421924 0.0005 4.21462 0.00017004 966189 0.874088  
2.21648 0 1.88948 0.101807 2.3945 211.455 0.476629 0.0005 4.44954 7.90846e-05 152274 1.28622  
2.72317 0 1.77642 0.105786 1.89342 198.309 0.512694 0.0005 3.85026 0.000122259 806355 1.44788  
2.34499 0 2.43391 0.0930491 2.26997 223.714 0.4542 0.0005 4.19245 0.000157356 47641 0.791468  
1.80506 0 2.37059 0.102348 2.50323 200.825 0.462518 0.0005 4.09384 0.000106798 356620 0.983444  
2.2288 0 2.40747 0.0987726 2.11976 201.587 0.404528 0.0005 4.64141 8.87772e-05 925433 1.2239  
1.94935 0 2.42278 0.103579 2.19514 217.605 0.487913 0.0005 3.82346 0.000119603 198987 0.326989  
2.76565 0 2.48878 0.0963473 2.42782 237.437 0.471675 0.0005 4.57978 0.000161268 77888 0.738834  
2.01817 0 1.98502 0.0858395 1.92229 209.865 0.476519 0.0005 2.73169 0.000161341 498338 1.30896  
2.11242 0 2.26551 0.0923601 2.0551 204.375 0.397805 0.0005 3.8519 0.000159351 524566 0.737971  
2.25629 0 2.55789 0.086354 2.49708 188.321 0.48883 0.0005 3.71458 0.000152347 487770 1.47362  
2.31566 0 2.25262 0.100581 2.13308 214.389 0.493459 0.0005 4.2211 0.0001237 27284 0.43218  
2.44382 0 2.03728 0.105307 2.64131 236.643 0.526105 0.0005 4.56944 0.000109995 56856 0.961573  
2.11596 0 2.11066 0.0971883 2.18372 205.567 0.455503 0.0005 3.83361 9.22775e-05 790417 0.928957  
2.38913 0 2.28769 0.0809734 2.36082 187.88 0.480171 0.0005 4.37683 0.000153693 300606 0.424858  
2.48008 0 2.103 0.109261 2.02847 224.53 0.44972 0.0005 3.59892 0.000118422 372260 0.795229  
2.58418 0 1.89449 0.106955 2.71724 219.926 0.431134 0.0005 3.72638 0.000103378 125849 1.39323  
2.75039 0 2.20026 0.0803147 2.23927 210.456 0.424501 0.0005 4.27665 0.000166583 100237 1.01236  
2.70871 0 2.25005 0.0927712 2.40924 226.345 0.446005 0.0005 3.97069 0.000113818 107205 0.958464  
2.24899 0 2.31312 0.0815198 2.0712 212.222 0.445557 0.0005 3.90662 0.000184399 473059 0.754985  
2.61601 0 2.18451 0.0901979 2.52518 185.872 0.437556 0.0005 3.6728 0.000109903 35217 1.12342  
2.50611 0 2.23054 0.0997039 2.28497 220.77 0.356249 0.0005 4.05394 0.000143128 648518 0.729862  
1.97251 0 2.30544 0.0827929 2.34757 192.362 0.498062 0.0005 3.53614 0.000132608 34945 1.30573  
2.38 0 1.94999 0.109388 2.42137 170.338 0.470733 0.0005 3.8648 0.000113412 990783 0.986465  
2.39879 0 2.17548 0.0666408 2.18915 219.097 0.417374 0.0005 4.11089 0.000210167 436873 0.652053  
1.77473 0 2.18727 0.103841 2.31396 223.085 0.523329 0.0005 4.36159 0.000111025 228458 1.00384  
2.36471 0 2.1312 0.110596 2.18073 197.739 0.38954 0.0005 3.70364 0.000117246 710873 0.558841  
2.48096 0 2.19865 0.097907 2.13359 187.088 0.492444 0.0005 4.08099 8.82987e-05 967637 1.10439  
2.23086 0 2.02115 0.0997108 1.9825 211.85 0.439159 0.0005 4.22815 0.000175233 804289 0.319429  
1.95092 0 2.39984 0.0972016 2.39288 216.258 0.492024 0.0005 4.75965 0.000102057 620483 0.631243  
2.16278 0 1.98149 0.0888939 2.18667 199.63 0.523685 0.0005 3.87452 9.56148e-05 826607 0.401509  
2.34119 0 2.30843 0.0928877 2.58271 182.305 0.420694 0.0005 4.71684 0.000125833 770478 0.907982  
2.14531 0 1.88953 0.0910164 2.17057 206.482 0.437447 0.0005 3.72718 0.000121009 772757 0.878646  
2.00363 0 2.04741 0.0939163 2.00914 207.319 0.453962 0.0005 3.97519 0.000132667 149314 0.74841  
2.52584 0 1.88994 0.0892482 2.45073 219.159 0.447121 0.0005 3.99894 0.000128224 334471 0.480819  
2.59731 0 2.10844 0.0981234 2.40197 188.192 0.40894 0.0005 3.87143 6.76312e-05 645729 1.37834  
2.3838 0 2.01393 0.0878475 2.1827 188.246 0.42244 0.0005 4.50415 9.53883e-05 591100 0.26676  
2.5626 0 1.91045 0.0820207 2.54553 172.431 0.42915 0.0005 3.63513 0.000108503 533459 0.834886  
2.12243 0 2.4727 0.0851908 2.28691 175.115 0.415054 0.0005 3.98507 0.000108359 723618 0.985859  
2.06268 0 2.16372 0.113314 2.54793 233.037 0.470236 0.0005 3.67067 9.16195e-05 89438 1.24466  
2.00206 0 2.09628 0.0851997 2.20808 199.14 0.433508 0.0005 4.46345 0.000147108 58025 0.444162  
2.09222 0 2.29211 0.0794426 2.36421 202.677 0.453816 0.0005 4.46005 9.76333e-05 211388 1.33689  
2.10241 0 2.21683 0.0999637 2.1519 213.198 0.473538 0.0005 3.77825 0.000139343 633074 0.926434  
2.17515 0 2.46313 0.103443 2.21399 207.581 0.481632 0.0005 3.75156 0.000179174 631233 0.690856  
2.00893 0 1.75831 0.103777 2.20229 152.563 0.540222 0.0005 3.70076 0.000156041 518157 0.348133  
2.25519 0 1.9534 0.0931081 2.30727 210.823 0.453647 0.0005 3.85432 0.000139811 933681 0.6936  
2.00784 0 2.2745 0.109986 2.00366 209.54 0.50821 0.0005 3.7819 0.000152923 3493 1.2631  
2.176 0 1.99119 0.0953611 2.26634 161.043 0.500526 0.0005 4.32985 0.000134204 160358 0.301358  
2.28606 0 2.62963 0.0905149 2.49075 205.653 0.563883 0.0005 3.30148 0.000132258 550270 0.762678  
2.19736 0 2.14531 0.0840358 2.06829 193.316 0.459036 0.0005 3.98537 0.000150392 110699 1.23348  
2.15034 0 2.08198 0.0857864 2.12857 196.508 0.509871 0.0005 3.19708 0.000138806 633417 1.36725  
1.98874 0 2.27234 0.100989 2.32122 197.422 0.500655 0.0005 3.00965 0.000161457 101839 0.565355  
2.21808 0 2.44411 0.0955925 2.19545 178.972 0.552748 0.0005 3.33604 0.000135524 275569 0.650672  
2.1988 0 2.3773 0.0988107 2.54707 217.189 0.505354 0.0005 3.42178 0.000132235 668363 1.47472  
2.22897 0 1.86026 0.0964338 2.30275 194.849 0.477699 0.0005 4.13421 0.000130241 92622 0.592507  
2.24408 0 2.08957 0.100018 2.49256 199.153 0.507237 0.0005 4.37097 6.64232e-05 228794 0.65588  
1.90573 0 1.83811 0.113517 1.8092 201.281 0.453765 0.0005 4.28957 0.000109254 413173 0.718945  
2.34876 0 2.03176 0.0784492 2.06273 163.262 0.476044 0.0005 4.6484 7.04045e-05 319847 1.04115  
2.28717 0 2.5936 0.100386 2.28398 226.594 0.381618 0.0005 4.17149 2.99837e-05 196431 0.997826  
2.54334 0 2.30525 0.0756576 2.67327 212.985 0.45526 0.0005 3.82284 6.5008e-05 217462 0.430276  
2.30539 0 2.2118 0.097216 2.46751 220.322 0.496607 0.0005 3.73259 0.000133306 456682 1.24454  
2.55558 0 1.97037 0.102209 2.40573 187.919 0.471601 0.0005 3.71607 0.000121332 539390 1.236  
2.09175 0 2.23254 0.0934424 2.17745 185.276 0.394115 0.0005 3.97688 0.000138098 504292 0.273883  
2.22703 0 1.76721 0.0864272 2.5345 206.048 0.446712 0.0005 4.13343 0.00010978 745791 1.24024  
2.3442 0 1.81441 0.0968821 2.26632 238.719 0.471366 0.0005 3.88731 6.66432e-05 205057 0.870678  
2.53458 0 1.72634 0.0778951 2.42858 194.933 0.399816 0.0005 3.62982 0.000157574 355115 0.859288  
1.95859 0 2.10858 0.0924272 2.27234 222.422 0.464601 0.0005 4.22074 0.000137841 391521 0.471158  
2.31389 0 2.36694 0.100125 2.14555 190.183 0.438994 0.0005 4.28103 7.05936e-05 796157 0.900831  
2.05509 0 1.80975 0.0954495 2.00006 204.317 0.400513 0.0005 4.09619 0.000184882 888574 1.4895  
2.49634 0 2.01333 0.0812877 2.04358 203.546 0.517428 0.0005 3.79989 0.000119101 631491 0.814546  
2.73516 0 1.96484 0.0881594 2.43649 195.939 0.485484 0.0005 4.03388 0.0001099 401947 1.23984  
2.66505 0 2.41799 0.0894832 2.25667 169.044 0.517274 0.0005 4.11196 7.71608e-05 462951 0.536292  
2.37801 0 2.53829 0.108517 2.40176 230.428 0.376638 0.0005 4.03437 0.000102911 359231 0.666243  
2.63134 0 2.2658 0.10978 1.92931 194.013 0.516008 0.0005 4.22011 0.000135375 35021 0.295887  
2.50975 0 2.25967 0.0958484 2.73839 191.35 0.412015 0.0005 3.98995 0.000104499 610537 0.695143  
2.26796 0 1.9933 0.109724 2.06682 167.736 0.451341 0.0005 3.80471 8.15029e-05 393740 0.677081  
2.54785 0 2.19636 0.100814 2.54498 178.604 0.456993 0.0005 4.82863 0.000130488 485054 1.32408  
2.37161 0 2.04374 0.108713 2.25167 247.874 0.467028 0.0005 3.80733 0.000126765 614030 0.525411  
2.26937 0 2.1152 0.0951942 2.4167 168.32 0.462803 0.0005 4.34313 7.73325e-05 554098 1.06031  
2.37359 0 1.59961 0.0806953 2.44509 212.12 0.488872 0.0005 4.2344 0.00012407 35325 0.265843  
2.44871 0 2.21368 0.0924139 2.28438 254.875 0.472407 0.0005 3.6255 0.000129287 241081 0.537201  
2.30477 0 2.17185 0.0948618 2.55707 216.39 0.520588 0.0005 3.5451 9.05697e-05 187516 0.456894  
2.29114 0 2.20644 0.086691 1.81995 201.358 0.394889 0.0005 3.39221 0.00015504 653516 0.486184  
1.92096 0 1.91747 0.109835 2.04175 210.632 0.47884 0.0005 3.44888 0.000122723 33002 0.822064  
2.38832 0 2.34712 0.108849 2.11615 213 0.445597 0.0005 3.76791 0.000144446 372231 0.677986  
2.22157 0 2.35377 0.103659 2.40723 211.604 0.517917 0.0005 3.12591 0.000124746 746139 1.10458  
2.10266 0 2.39202 0.087403 2.49137 187.427 0.483203 0.0005 4.33788 0.000117922 261796 0.260188  
2.3338 0 2.44645 0.0925829 2.62921 200.031 0.528149 0.0005 4.23656 0.00011404 785404 0.345026  
2.35299 0 2.38143 0.0828019 2.20471 202.767 0.419116 0.0005 3.48251 0.000152813 582338 0.893198  
2.00268 0 2.29765 0.0879425 2.02732 201.275 0.482508 0.0005 3.89325 0.000131506 974580 1.00327  
2.41667 0 2.33864 0.101813 2.33972 164.365 0.430286 0.0005 3.92468 0.000121635 519218 1.32265  
2.49937 0 2.14272 0.101049 2.38658 176.031 0.428181 0.0005 4.04192 0.000111998 39021 1.38555  
1.6562 0 1.92894 0.0816156 2.76591 218.861 0.444304 0.0005 4.64586 0.000123848 513970 0.338682  
2.30579 0 1.96588 0.0730358 2.18892 197.296 0.478616 0.0005 4.3168 9.14409e-05 539862 1.09733  
2.33233 0 1.77537 0.088382 2.34507 164.815 0.422065 0.0005 3.94183 0.000131135 784812 1.05552  
2.26978 0 2.67353 0.100836 2.1687 216.274 0.430563 0.0005 4.05566 0.000132604 235379 0.418576  
2.51456 0 2.03356 0.0929717 2.45784 222.524 0.415152 0.0005 3.78496 0.000173587 894977 1.21987  
2.18874 0 2.15933 0.106942 1.84063 191.502 0.460094 0.0005 4.10345 0.000146379 692685 1.1082  
2.31761 0 1.987 0.0876658 2.19697 253.553 0.500058 0.0005 4.0031 0.000157872 31536 1.20594  
2.18845 0 2.19681 0.103055 2.16849 177.943 0.427787 0.0005 3.66199 0.00017015 299904 0.858834  
2.63383 0 2.05879 0.105917 2.06712 230.887 0.468113 0.0005 4.26528 0.000229315 324176 0.995182  
2.20219 0 1.95524 0.0986265 2.39786 229.213 0.492917 0.0005 3.96223 9.13816e-05 433483 0.376061  
2.40167 0 2.42006 0.117716 2.5522 203.202 0.481044 0.0005 3.3035 0.000154209 279207 0.911209  
2.30628 0 2.33874 0.0989671 2.22646 209.508 0.37251 0.0005 4.45272 0.000117724 199759 0.879103  
2.44092 0 2.31885 0.110045 2.0856 225.303 0.461541 0.0005 3.61267 0.0001193 984857 0.640596  
2.1254 0 1.63799 0.0948824 2.27728 242.787 0.473194 0.0005 4.11311 0.000163486 889744 0.971268  
1.82473 0 1.88415 0.0968641 2.77238 192.607 0.423037 0.0005 3.60642 8.96713e-05 593499 1.06762  
2.37233 0 2.20603 0.0982572 2.05692 229.062 0.467403 0.0005 3.71567 9.39064e-05 469911 1.2065  
2.28822 0 2.05353 0.102879 2.396 189.274 0.376641 0.0005 3.74406 0.000164135 20127 0.961353  
2.26984 0 2.39316 0.0872512 2.63789 191.198 0.552678 0.0005 4.6085 5.57124e-05 663950 1.30556  
2.60718 0 2.59516 0.113602 1.82789 178.32 0.391912 0.0005 3.1739 0.000169797 505236 1.33287  
2.58745 0 2.39808 0.0766879 2.27751 216.925 0.429772 0.0005 3.82472 0.000124862 777560 1.17566  
2.04113 0 1.8538 0.0981105 2.26249 193.249 0.444964 0.0005 4.57452 0.000138843 367818 0.859015  
2.54899 0 2.26357 0.0943313 2.23074 191.328 0.429675 0.0005 4.16884 8.74773e-05 675105 0.790958  
2.46035 0 2.18787 0.0933032 2.29418 220.51 0.454254 0.0005 4.56801 9.67993e-05 810563 0.701432  
2.32397 0 2.08868 0.105513 2.27802 187.487 0.437217 0.0005 4.77727 0.000138121 740049 1.44287  
1.82325 0 1.92525 0.087709 2.22029 220.904 0.430771 0.0005 3.72474 6.9244e-05 421244 0.804079  
2.06868 0 2.01406 0.0950301 2.26143 184.573 0.475733 0.0005 4.29845 0.000140971 588711 1.39298  
2.78473 0 2.12538 0.103024 1.93607 148.365 0.462526 0.0005 4.69351 0.00011752 41805 0.834242  
2.27687 0 1.99492 0.0771153 2.52496 213.95 0.461775 0.0005 3.52232 0.000104279 519934 1.06257  
2.29678 0 2.48999 0.109604 2.00585 201.138 0.508014 0.0005 4.39625 9.77253e-05 563291 1.3088  
2.50234 0 2.28966 0.0969393 1.8502 204.023 0.497501 0.0005 4.16528 0.00010514 77375 0.375711  
2.17915 0 2.42231 0.10031 2.1213 221.035 0.455827 0.0005 3.72371 0.000140905 558955 1.31878  
2.42334 0 2.07412 0.0959685 2.27079 189.55 0.417702 0.0005 4.13403 0.000164888 593614 0.505487  
2.20093 0 2.28741 0.089088 2.44682 208.271 0.500637 0.0005 3.08283 0.000165046 133589 0.917914  
2.18803 0 1.90434 0.0824541 2.06026 210.921 0.473891 0.0005 4.52603 0.000157038 343768 1.05711  
2.18393 0 2.35518 0.106006 2.0039 214.864 0.483713 0.0005 3.93661 7.42737e-05 828993 0.362806  
2.44323 0 2.37163 0.0866151 2.11069 184.603 0.447225 0.0005 4.61409 0.000154703 544918 0.669854  
1.93667 0 1.63445 0.084932 2.52691 217.568 0.482655 0.0005 3.58647 0.000111365 552805 1.44674  
2.62791 0 2.11821 0.104003 2.26319 207.288 0.399474 0.0005 4.22939 0.000115935 376882 0.508814  
2.26698 0 1.56189 0.103001 2.11336 223.362 0.427794 0.0005 4.17581 0.000111672 844822 1.17756  
2.43506 0 2.12403 0.102854 2.10357 187.336 0.487786 0.0005 4.59551 0.000133428 876982 0.785519  
2.54776 0 1.85734 0.103709 2.60738 205.18 0.474937 0.0005 3.29416 0.000135027 326717 1.06502  
2.49676 0 2.16606 0.0831162 1.80148 215.779 0.425526 0.0005 4.39142 4.91501e-05 124030 0.7141  
2.33777 0 2.2244 0.0924453 2.14674 213.741 0.554805 0.0005 4.22987 0.000144471 593093 0.866467  
2.46054 0 2.10098 0.0993876 2.23673 211.789 0.482496 0.0005 3.30569 0.000123554 311574 1.3267  
2.34019 0 2.30766 0.0934163 2.3533 221.033 0.46502 0.0005 4.01695 0.000107725 530126 1.181  
2.12489 0 2.48652 0.0909233 2.49606 213.871 0.43919 0.0005 3.6311 0.000111278 186593 0.748239  
2.41002 0 2.18538 0.0748315 1.84905 200.735 0.495966 0.0005 4.22801 0.000135503 781486 1.41224  
2.20373 0 2.36235 0.0913573 2.27464 207.381 0.432642 0.0005 3.8383 5.25986e-05 550253 0.396782  
2.45435 0 2.1003 0.102401 2.25896 226.751 0.444389 0.0005 4.61771 0.000117585 850543 1.26243  
2.38512 0 2.35247 0.0856577 2.4884 193.732 0.478762 0.0005 4.19289 0.000147533 803074 0.391499  
2.64571 0 1.99311 0.103113 1.83193 225.59 0.492223 0.0005 4.34285 0.000116376 327814 1.38916  
2.32972 0 1.89333 0.0977038 2.27374 211.995 0.459447 0.0005 3.83178 0.00018959 734713 1.44781  
2.40948 0 1.77696 0.103137 2.30803 206.02 0.451941 0.0005 4.33528 0.000177533 478179 0.762815  
2.02251 0 2.19343 0.109807 2.36491 197.726 0.462853 0.0005 4.31183 0.000124134 138377 1.35061  
2.41639 0 2.1664 0.0978365 2.19575 233.396 0.506854 0.0005 3.46479 8.29547e-05 474762 1.35806  
1.96862 0 2.24611 0.0954923 2.40185 226.046 0.562606 0.0005 4.04223 0.000183334 415775 1.26674  
2.16335 0 1.8532 0.115276 2.12698 192.33 0.461437 0.0005 4.27397 0.000129886 727088 0.485176  
2.26397 0 2.21725 0.0936275 2.2765 192.084 0.495089 0.0005 3.74895 0.000138527 32919 0.539568  
2.15024 0 2.22876 0.0939573 2.34711 196.681 0.417151 0.0005 3.94599 0.000116262 935710 1.39795  
2.173 0 2.08078 0.101636 2.24937 159.487 0.455063 0.0005 3.96457 0.000150845 806732 0.523482  
2.60337 0 2.21783 0.103484 2.59396 226.113 0.479944 0.0005 4.31173 0.000122915 110294 0.795202  
2.38949 0 2.16414 0.103545 2.09804 204.427 0.458971 0.0005 3.9679 0.000106581 11017 0.590361  
1.94056 0 1.98751 0.0912482 2.44699 195.494 0.481641 0.0005 4.43113 0.000167466 400346 0.819056  
2.81858 0 2.30015 0.0741529 2.77314 223.363 0.464401 0.0005 4.18133 0.000158511 760235 1.47204  
2.53866 0 2.01723 0.0804266 2.38229 181.813 0.451384 0.0005 3.36887 9.54268e-05 871137 0.862562  
2.18088 0 2.23197 0.100897 1.92958 162.411 0.420906 0.0005 4.58563 0.000131601 745691 1.32731  
2.50468 0 2.39183 0.107266 2.46973 188.963 0.455386 0.0005 3.81911 0.000141519 305153 1.13819  
2.50972 0 2.03084 0.097066 2.21576 217.432 0.409768 0.0005 3.62718 0.000192257 423943 0.51044  
2.30343 0 2.25093 0.113977 2.54386 192.418 0.433567 0.0005 3.95749 8.13313e-05 122573 0.862665  
2.3023 0 2.23184 0.0881675 2.33747 166.848 0.456402 0.0005 3.9699 0.000128609 666328 0.726305  
2.55964 0 2.01676 0.112 2.04739 233.992 0.530734 0.0005 4.7213 8.48976e-05 300925 0.295196  
2.10714 0 2.13129 0.0871118 1.98487 235.87 0.511403 0.0005 4.19503 5.60022e-05 449291 0.977242  
2.63396 0 2.09119 0.090354 2.80095 210.414 0.512697 0.0005 4.39191 0.000138353 306710 0.574468  
2.12216 0 2.36265 0.102081 2.31455 208.083 0.467368 0.0005 4.15113 0.000121816 894018 1.03174  
2.1718 0 2.2811 0.0836418 2.08788 216.202 0.431313 0.0005 3.67154 0.000115825 277217 0.359569  
2.26739 0 2.05771 0.0808655 2.08968 222.101 0.462888 0.0005 3.1571 0.000101596 836836 1.1228  
2.39531 0 1.78088 0.0885451 2.05032 202.662 0.455214 0.0005 3.66517 0.000148732 596963 1.31389  
2.43029 0 1.87415 0.100009 2.06131 220.071 0.50163 0.0005 3.69817 0.000187068 575055 0.798126  
2.23057 0 2.0443 0.0880263 2.11205 219.307 0.381057 0.0005 4.22007 0.000140029 387090 0.511772  
2.42485 0 2.32486 0.108618 2.43266 215.574 0.437091 0.0005 3.5785 0.000118011 963858 0.557712  
2.11758 0 2.18107 0.105542 1.93426 191.529 0.481837 0.0005 3.71375 9.31892e-05 378130 1.43294  
2.29581 0 1.92465 0.113813 1.67989 211.659 0.439167 0.0005 3.74718 7.37099e-05 714904 0.659864  
1.93979 0 2.02723 0.0981441 1.9225 238.748 0.419772 0.0005 4.19395 0.000113106 698571 0.575234  
2.04197 0 2.0063 0.113497 2.21739 202.09 0.443557 0.0005 4.70812 7.684e-05 372661 1.28088  
2.09162 0 2.18183 0.107154 2.17387 184.884 0.482654 0.0005 3.81426 0.000119833 369633 0.335296  
2.46943 0 2.03042 0.0833064 2.2623 204.75 0.445134 0.0005 4.08602 0.000147202 689685 1.43568  
2.37179 0 2.22737 0.0734802 2.43509 178.299 0.454542 0.0005 4.14824 0.00017457 304789 1.04174  
2.46287 0 2.12083 0.0980175 2.26033 219.945 0.43455 0.0005 4.4152 0.000135872 613073 1.20766  
2.517 0 1.97329 0.0947204 2.84979 160.245 0.469577 0.0005 4.00655 9.73713e-05 722604 1.27392  
2.27027 0 2.02698 0.0974301 2.42085 199.129 0.494188 0.0005 4.32784 9.6795e-05 756851 0.507585  
2.13304 0 2.04188 0.0849873 2.10246 193.07 0.467248 0.0005 3.152 9.08711e-05 419805 0.772258  
2.48124 0 1.84103 0.0746557 2.2721 173.407 0.50067 0.0005 4.89996 0.000121462 349250 0.325405  
2.46364 0 2.329 0.0880056 2.22181 200.894 0.427204 0.0005 4.00356 0.000153757 767868 0.720574  
2.64796 0 2.15181 0.0986361 2.55821 186.438 0.391457 0.0005 4.78461 0.000121044 336503 1.49668  
2.57371 0 1.93235 0.0922685 2.6241 210.863 0.547714 0.0005 3.4163 0.000117774 109485 0.319188  
2.44359 0 2.09876 0.0802424 2.1898 226.79 0.481583 0.0005 3.84684 9.27454e-05 639006 0.968797  
2.16276 0 2.03095 0.0816632 2.74426 189.052 0.51599 0.0005 3.7644 0.000124987 82195 0.368999  
2.29054 0 2.08743 0.100604 2.23758 221.583 0.490505 0.0005 3.77382 0.000138266 414639 0.888729  
2.32324 0 2.31361 0.116182 2.46268 199.552 0.429117 0.0005 4.51464 9.20124e-05 62949 0.356188  
2.2311 0 2.09663 0.0940937 1.59202 219.999 0.460358 0.0005 3.90688 0.00013648 721120 0.370284  
2.33343 0 1.785 0.0929023 1.91918 194.053 0.473963 0.0005 3.72256 0.00019202 80967 1.36529  
2.27057 0 2.29256 0.103011 2.14509 221.052 0.447502 0.0005 4.16643 8.56838e-05 880226 1.20048  
2.39815 0 1.75377 0.101502 2.38212 210.629 0.506149 0.0005 4.1625 8.63279e-05 686763 1.05955  
2.47224 0 2.09705 0.0798191 2.40665 190.984 0.429366 0.0005 4.09262 0.000161487 387677 0.422804  
2.2669 0 2.12998 0.0869082 2.43369 220.051 0.405996 0.0005 3.94877 9.98254e-05 290596 0.834315  
2.34376 0 2.04989 0.104544 2.58932 199.906 0.511302 0.0005 3.34514 0.00017434 963981 1.10593  
2.23747 0 1.92993 0.0963616 1.94538 219.284 0.468663 0.0005 4.36748 0.000124384 740865 0.896852  
2.14343 0 2.4905 0.102897 2.22598 197.167 0.453817 0.0005 3.64712 0.000106972 887560 1.35356  
2.44539 0 2.25201 0.114046 1.88465 199.802 0.542108 0.0005 4.09219 0.00013098 539036 0.469289  
2.65532 0 2.25937 0.0911351 2.03603 208.891 0.48571 0.0005 4.23474 0.000147284 127955 0.346008  
2.07849 0 1.85329 0.0835832 2.6651 223.099 0.55464 0.0005 3.57511 8.64923e-05 367770 0.925993  
2.09277 0 2.49095 0.0947083 2.22252 234.793 0.523746 0.0005 3.10071 9.92e-05 433518 1.38477  
2.25136 0 2.24154 0.0879573 2.14813 210.953 0.515121 0.0005 3.77858 0.000181862 359211 0.846797  
2.51491 0 2.03866 0.0792398 2.47874 242.639 0.435849 0.0005 3.39865 0.000118785 66342 0.294013  
2.2305 0 2.30305 0.089872 2.31667 200.921 0.378436 0.0005 3.94569 0.000144752 322532 1.08461  
2.20495 0 1.69345 0.0878164 2.53647 221.488 0.492755 0.0005 3.63339 0.000158914 245196 1.45062  
2.64495 0 1.8299 0.09039 2.27335 223.232 0.45016 0.0005 4.02548 7.34364e-05 272379 0.77676  
2.69909 0 2.22139 0.0880169 2.43966 217.259 0.4865 0.0005 3.51413 0.000153756 627321 0.858945  
1.77421 0 2.19632 0.0971353 2.29456 200.921 0.411329 0.0005 4.13344 0.000124239 858270 1.47838  
2.51199 0 1.72273 0.0962694 2.4257 208.501 0.4287 0.0005 4.50843 0.000184191 994984 0.852376  
2.4328 0 2.09729 0.107643 2.36654 159.078 0.433589 0.0005 4.4004 0.000161443 384172 0.266921  
2.60173 0 2.01265 0.087188 1.75433 214.91 0.543541 0.0005 4.02719 0.000120432 794427 0.49626  
2.80831 0 2.18644 0.105117 2.4915 221.307 0.446254 0.0005 4.56328 0.000139124 344234 1.27288  
2.26387 0 2.1756 0.105518 2.31766 208.427 0.387666 0.0005 3.70539 0.000150859 152040 0.858431  
2.44121 0 2.00057 0.0889473 2.53489 217.91 0.459806 0.0005 5.08205 0.000112769 647283 0.580405  
2.49799 0 1.83326 0.090418 2.21844 191.067 0.483772 0.0005 3.70473 0.000131682 970072 0.958452  
2.74412 0 2.08914 0.0843652 2.01859 205.659 0.444828 0.0005 3.57909 0.000136146 307398 0.679072  
2.22658 0 2.3791 0.0787715 2.14068 228.982 0.491847 0.0005 4.1462 8.65508e-05 245830 1.32508  
2.82778 0 2.37899 0.0962886 2.15358 220.985 0.483817 0.0005 4.05733 0.000143407 901063 0.728322  
2.45164 0 2.16117 0.106679 2.23764 186.536 0.412476 0.0005 3.74511 0.000170876 370347 1.18287  
2.24878 0 2.02004 0.0939019 2.48558 197.367 0.498576 0.0005 4.40879 0.000158213 966950 1.36195  
2.21948 0 2.11089 0.0925999 2.61462 191.995 0.399295 0.0005 3.78844 7.97077e-05 982030 0.361195  
1.80714 0 2.23168 0.102712 2.2117 204.152 0.400759 0.0005 3.97918 0.000107681 250573 0.387201  
2.45697 0 2.3016 0.0979867 2.37042 173.82 0.36565 0.0005 3.70515 0.000119771 653714 0.921717  
2.74274 0 1.96518 0.0890669 2.18826 208.669 0.463008 0.0005 4.43445 0.000109806 886059 1.29606  
2.27686 0 1.87176 0.0989791 2.44833 241.212 0.436185 0.0005 3.79076 0.000125314 57522 0.698904  
2.19638 0 2.21299 0.0968733 2.20812 233.143 0.534872 0.0005 3.29039 0.000143137 134047 1.29958  
2.22115 0 2.20791 0.0974138 2.44974 201.051 0.449158 0.0005 3.622 0.000122421 626924 0.888679  
2.61446 0 2.16651 0.0851433 2.20595 168.774 0.51943 0.0005 4.58035 0.000144003 945082 0.997229  
2.66785 0 2.28769 0.0849377 2.4505 171.967 0.430276 0.0005 3.96624 8.38855e-05 189435 1.06089  
2.29276 0 1.53883 0.103632 2.26551 208.805 0.490036 0.0005 3.69422 0.000143136 271232 1.10492  
2.34034 0 2.14061 0.0962251 2.22406 226.954 0.459342 0.0005 4.10885 0.000131534 829204 0.637599  
2.38868 0 2.30593 0.0778532 2.58375 215.99 0.483703 0.0005 4.37105 0.000136745 622954 0.903098  
2.00707 0 2.27709 0.101732 2.40114 220.759 0.527616 0.0005 4.14764 0.000156063 630443 1.08335  
2.06891 0 2.03535 0.106772 2.14142 204.834 0.466025 0.0005 3.93959 7.98254e-05 411898 0.447855  
2.41437 0 2.05398 0.104124 2.16132 166.227 0.363876 0.0005 3.92545 0.000131327 945486 0.460378  
2.41884 0 1.95627 0.108152 2.63778 191.062 0.521647 0.0005 4.24655 0.000112973 875640 1.32491  
1.98094 0 2.15842 0.102644 2.14153 239.69 0.45625 0.0005 4.51583 0.000143282 684278 0.262364  
2.51715 0 2.54739 0.0967568 2.59774 198.71 0.395802 0.0005 3.70568 0.000196001 89159 0.691983  
2.68198 0 1.93341 0.0924766 1.96549 209.654 0.448366 0.0005 3.65493 9.9676e-05 250262 0.905206  
2.09566 0 2.15814 0.0884074 2.39794 228.219 0.472643 0.0005 3.97824 0.000167379 679262 0.946311  
2.50622 0 1.93236 0.104871 2.21197 185.02 0.465643 0.0005 3.70801 0.000135928 989683 1.23574  
2.67383 0 2.04492 0.0926494 2.45526 242.739 0.507927 0.0005 4.35633 0.000134975 561041 0.80854  
2.30742 0 1.97893 0.101883 2.46443 196.067 0.492452 0.0005 4.01822 8.58154e-05 539848 0.812929  
2.35438 0 1.77463 0.0925346 2.13834 222.996 0.473589 0.0005 3.80431 0.000106509 141723 0.264476  
2.14455 0 1.77306 0.0897204 2.08933 161.504 0.487627 0.0005 4.93054 4.69735e-05 208324 1.07113  
2.02309 0 1.78057 0.0974789 2.45265 213.341 0.484338 0.0005 4.00633 0.000125132 26272 1.11713  
2.22719 0 2.19735 0.0997004 2.5623 211.765 0.522434 0.0005 3.8024 8.83448e-05 449122 1.40454  
2.21143 0 2.1144 0.103663 2.4783 215.139 0.48536 0.0005 4.39908 0.000125577 454154 0.748535  
2.32161 0 2.22403 0.0878527 2.70675 227.076 0.446461 0.0005 4.68326 0.000173825 927335 1.30807  
2.09131 0 2.13495 0.10207 2.36362 201.84 0.468323 0.0005 3.69147 8.12601e-05 335821 1.33303  
1.95399 0 2.15738 0.103118 2.46726 198.997 0.434655 0.0005 3.62743 0.000132867 937457 1.0319  
2.564 0 2.0925 0.0983247 2.01417 176.767 0.50119 0.0005 4.12029 0.000108178 909365 1.41561  
2.06877 0 2.23853 0.0916178 2.26321 214.678 0.445533 0.0005 3.95184 0.000232131 102747 1.36473  
2.15893 0 2.20719 0.0957515 2.46373 183.204 0.506156 0.0005 4.33013 0.000136274 591171 0.366813  
2.23412 0 2.39692 0.0963618 2.04166 195.856 0.508434 0.0005 4.40375 0.000153559 311776 1.21607  
2.62432 0 1.92903 0.101568 2.3803 207.053 0.40305 0.0005 3.82003 0.000144831 160269 1.07957  
2.17881 0 2.36518 0.101798 1.94298 214.564 0.394134 0.0005 3.35947 0.000117246 725218 0.462678  
2.38024 0 2.12207 0.0939476 2.22027 207.596 0.548156 0.0005 3.2729 0.000157351 938701 1.23826  
2.39801 0 2.10111 0.0874697 2.69233 192.721 0.421374 0.0005 4.95394 0.000142271 621703 0.924704  
2.70152 0 1.95634 0.105459 2.11795 203.756 0.44791 0.0005 3.91453 0.000119307 914653 1.06608  
2.27689 0 2.16383 0.101533 2.40869 178.956 0.475174 0.0005 4.00278 0.000121607 209933 1.45458  
1.94985 0 2.20403 0.105379 2.52322 210.781 0.441462 0.0005 3.89247 0.000115363 450907 0.575013  
2.16823 0 2.25754 0.0940821 2.73766 226.265 0.454338 0.0005 4.01611 9.37562e-05 53959 0.272587  
2.26853 0 2.25978 0.0767051 2.51552 168.014 0.367721 0.0005 4.3738 0.00014773 356728 1.19294  
2.07895 0 1.75355 0.104002 2.44634 239.083 0.470591 0.0005 3.6915 0.000117035 862806 0.624821  
2.40094 0 1.79251 0.107857 2.1837 205.082 0.46031 0.0005 4.72999 0.000151245 515797 0.596852  
2.31667 0 2.66368 0.110747 2.15996 203.761 0.465854 0.0005 3.78043 0.000183522 748720 0.727118  
2.38996 0 2.37051 0.112951 2.83508 196.982 0.451364 0.0005 4.36435 9.98547e-05 547084 0.301863  
2.4726 0 1.3826 0.0824542 2.61095 179.569 0.43478 0.0005 3.68247 0.000113611 121308 0.688469  
2.17809 0 2.20469 0.09837 2.1536 213.007 0.460631 0.0005 4.265 0.000119153 515334 0.506639  
2.07511 0 2.36049 0.0923061 2.42783 208.403 0.369706 0.0005 3.8453 0.000161745 742698 0.727494  
2.31627 0 2.08366 0.0947618 2.54742 212.023 0.383702 0.0005 3.72164 0.000128116 110991 1.03451  
1.8693 0 2.39431 0.0936036 2.75555 222.648 0.469342 0.0005 4.19592 0.000136596 76376 1.36431  
2.2841 0 2.28292 0.0997657 1.90981 237.911 0.466871 0.0005 3.84906 0.000115625 798898 0.598313  
2.28664 0 2.12076 0.0990913 2.22392 208.659 0.505727 0.0005 4.27571 0.000125327 252715 1.3743  
2.23659 0 2.04513 0.0910192 2.04384 208.031 0.407249 0.0005 3.8404 0.0001173 801052 0.639364  
2.62818 0 2.16048 0.0795953 2.54887 169.283 0.377724 0.0005 4.2136 0.000106993 825171 1.05652  
2.62539 0 2.20545 0.0991147 1.75678 158.988 0.522429 0.0005 3.51823 0.00013495 218189 1.22233  
2.26268 0 2.366 0.104382 2.40153 185.148 0.436749 0.0005 4.72485 0.000106254 771559 1.33867  
2.81064 0 1.83725 0.103626 2.17899 235.637 0.417156 0.0005 3.49304 0.000159279 752506 1.43251  
2.13683 0 2.04799 0.0898141 2.27135 263.486 0.468849 0.0005 3.77044 0.000101865 554010 1.33093  
2.58507 0 1.98793 0.087482 2.68367 194.629 0.503135 0.0005 4.00897 0.000101104 709016 0.259657  
1.98282 0 1.96416 0.10878 2.63927 201.99 0.397996 0.0005 3.49547 0.000141619 178224 0.742013  
2.29065 0 2.48521 0.10015 2.51711 197.484 0.438822 0.0005 3.37559 0.000125411 173109 0.695076  
1.86307 0 1.77108 0.091072 2.17102 203.126 0.389839 0.0005 4.27424 0.000213061 816539 0.780947  
2.01603 0 2.00812 0.093783 2.25214 180.685 0.382182 0.0005 3.94775 0.000113887 490000 1.14847  
2.27136 0 2.7917 0.0845238 2.14986 195.831 0.44827 0.0005 4.19187 0.000142755 333378 0.301878  
2.07143 0 2.24894 0.101126 2.71312 200.872 0.496218 0.0005 3.8804 0.000145785 58109 0.52426  
2.02031 0 1.84988 0.109058 2.13589 227.743 0.445128 0.0005 3.82577 0.000135172 945053 0.939219  
2.06085 0 2.05996 0.107994 2.07168 216.054 0.389875 0.0005 4.41539 0.000145477 955081 0.306445  
2.45381 0 2.40078 0.100807 2.01625 203.299 0.488421 0.0005 4.31351 0.000137065 489114 0.673366  
2.14567 0 2.23414 0.0995911 2.2573 179.201 0.490274 0.0005 3.828 0.000119175 671338 1.36711  
2.45512 0 2.03617 0.0884345 2.31022 189.256 0.44966 0.0005 4.36095 0.000162411 405989 1.04956  
2.43341 0 2.20942 0.08666 2.48975 224.196 0.467613 0.0005 4.00943 0.000111958 59426 0.340667  
2.57026 0 2.0501 0.0877416 2.57873 207.767 0.434991 0.0005 4.23829 0.000130594 28067 0.795854  
2.10476 0 2.2377 0.0806555 2.45081 218.974 0.510702 0.0005 4.17731 0.000100985 785147 1.39288  
2.74195 0 2.00682 0.0944332 2.35521 204.027 0.442431 0.0005 4.09495 0.000135006 575223 0.515572  
2.29788 0 1.98186 0.106896 2.01265 177.033 0.39301 0.0005 3.97844 8.10319e-05 776787 1.06114  
2.15328 0 2.17971 0.0945591 2.14506 183.032 0.436294 0.0005 3.50109 0.00012176 332231 0.256581  
2.3265 0 1.64812 0.0883683 2.22408 191.478 0.429032 0.0005 3.64067 0.000106032 696532 0.838831  
2.43745 0 2.29442 0.0839576 2.62173 207.253 0.442265 0.0005 3.5289 0.000169575 292122 1.37126  
2.43474 0 2.31068 0.0981786 1.93739 193.954 0.474226 0.0005 3.54489 9.85551e-05 591281 1.45125  
1.87633 0 1.76706 0.0940348 2.86358 203.295 0.425341 0.0005 4.24637 9.72449e-05 323875 0.990392  
2.3117 0 1.47964 0.100742 2.59831 221.657 0.53234 0.0005 4.26351 0.000155574 884850 0.948643  
2.2954 0 2.12574 0.0868579 2.17189 212.47 0.419968 0.0005 4.94968 0.000133512 390179 1.289  
2.31765 0 2.47081 0.0977373 2.22618 217.639 0.526009 0.0005 4.56808 0.000179919 576590 1.07021  
2.2479 0 2.23384 0.0834734 2.36939 213.516 0.510332 0.0005 4.25645 0.000163425 202254 1.129  
2.62097 0 1.65166 0.0964289 2.30181 190.216 0.39701 0.0005 3.99736 5.62356e-05 215350 1.01593  
2.33561 0 2.2887 0.0980662 2.4978 206.113 0.445275 0.0005 4.45263 0.000122171 311131 1.12415  
2.11708 0 1.9316 0.0791617 2.09002 238.781 0.42256 0.0005 4.13495 0.000117748 973813 0.355552  
2.6932 0 2.68802 0.108796 2.34238 200.342 0.397363 0.0005 3.3199 6.81099e-05 967857 1.17865  
2.41593 0 2.17751 0.0910786 2.26449 166.298 0.451673 0.0005 3.70408 0.000157169 381494 1.28157  
2.35897 0 2.28084 0.0890029 2.64522 230.869 0.51761 0.0005 4.157 9.5597e-05 199181 1.33547  
2.31224 0 2.17797 0.105614 1.99844 207.446 0.487085 0.0005 4.10379 8.19161e-05 146081 0.473957  
2.5639 0 1.8921 0.110118 1.91284 231.231 0.4498 0.0005 4.62048 0.00010333 554603 0.747633  
2.28621 0 2.05657 0.0982975 2.04647 232.952 0.465429 0.0005 3.9352 0.00012025 15720 1.02935  
2.46103 0 2.02505 0.100233 2.12357 202.849 0.511394 0.0005 4.39865 4.06738e-05 152433 1.2784  
2.03804 0 2.01687 0.0954569 2.67884 201.25 0.510011 0.0005 3.82648 0.000126956 887982 1.00394  
2.36944 0 2.00409 0.098115 2.22769 218.207 0.483 0.0005 3.73085 0.000122762 590181 1.30404  
2.20316 0 1.78545 0.0865889 2.22999 175.858 0.489885 0.0005 3.91097 0.000138509 97487 0.303634  
2.1898 0 2.12928 0.0995434 2.49256 207.978 0.491339 0.0005 3.67563 0.000166884 359415 0.416261  
1.8908 0 2.12804 0.0786976 2.08487 207.326 0.45909 0.0005 4.66625 0.000185677 79296 0.434747  
2.19072 0 2.26854 0.104442 2.26842 199.303 0.356459 0.0005 4.41318 0.000150826 768825 0.415106  
2.33804 0 2.59996 0.101421 2.58185 213.77 0.46408 0.0005 3.96858 0.000180179 765404 1.21769  
2.06399 0 2.12501 0.0830268 1.99177 198.682 0.47096 0.0005 3.93292 0.000104221 138722 0.521271  
2.55915 0 2.07048 0.117292 2.29198 212.028 0.411734 0.0005 3.41083 0.000125513 796892 0.854064  
2.1286 0 2.07547 0.110903 2.53822 219.329 0.466707 0.0005 3.97824 0.000101254 550551 0.413133  
2.27309 0 2.50168 0.0960072 2.41459 199.547 0.460418 0.0005 3.43962 9.8315e-05 230297 0.551919  
2.04816 0 2.15067 0.0913007 2.15068 230.452 0.484496 0.0005 4.07663 8.61284e-05 90032 0.492309  
1.74572 0 2.03583 0.0889847 2.33934 196.575 0.456948 0.0005 3.7199 0.00012164 399134 0.783865  
2.02083 0 2.05084 0.0860003 2.64537 198.456 0.390025 0.0005 4.00914 0.000127453 443181 0.354546  
2.41861 0 1.99202 0.104693 2.13337 205.455 0.495701 0.0005 4.10334 0.000116847 898506 1.07388  
2.53005 0 2.1009 0.0957491 2.64942 237.63 0.505337 0.0005 3.60053 0.000149503 990415 0.32471  
2.4236 0 2.50041 0.0966692 2.44795 208.361 0.438396 0.0005 3.5749 0.000137002 767057 1.23829  
2.58237 0 2.07869 0.0906396 2.53316 179.653 0.480092 0.0005 3.56168 5.91669e-05 299708 0.830574  
1.82986 0 2.36038 0.0863662 2.17533 209.636 0.488813 0.0005 4.90509 0.000155841 380595 1.14095  
2.65062 0 2.36511 0.101663 2.46546 228.415 0.437561 0.0005 3.5619 0.000163843 859999 0.933155  
2.34894 0 1.87717 0.0917199 2.75405 191.108 0.429899 0.0005 4.38232 0.000151194 501962 0.497404  
2.52965 0 2.23843 0.101191 2.30228 173.814 0.475799 0.0005 4.11883 0.000147185 112297 0.91381  
1.93949 0 2.13726 0.0918588 1.99545 188.717 0.4969 0.0005 4.01042 0.00019252 687483 1.03315  
2.44512 0 2.33153 0.101293 2.34907 197.31 0.40057 0.0005 4.11683 0.000140219 475776 0.327906  
2.22207 0 2.33914 0.104048 2.76126 230.616 0.575626 0.0005 4.32359 0.000126355 80154 0.826835  
2.18114 0 2.29092 0.0903687 2.27641 184.082 0.539512 0.0005 3.69003 8.88409e-05 68977 1.45644  
2.1625 0 2.45925 0.0956876 2.23224 204.958 0.389532 0.0005 5.03858 0.000125693 191309 0.690177  
2.42873 0 2.37103 0.0931327 2.34083 223.343 0.474803 0.0005 4.38255 0.000147621 742587 0.910496  
2.03182 0 2.08744 0.0950021 1.77387 206.292 0.438655 0.0005 4.42471 0.000151301 139932 1.26768  
2.42792 0 2.21953 0.0979128 2.37519 188.263 0.421966 0.0005 4.43923 6.3045e-05 723382 1.12204  
2.40689 0 2.13001 0.082892 2.38465 176.347 0.469373 0.0005 4.55831 0.000146242 895021 0.882082  
2.46518 0 2.68821 0.0956411 2.01541 185.085 0.371678 0.0005 4.80244 0.000164293 544266 0.55503  
2.22848 0 2.46532 0.0902266 1.92581 207.036 0.42793 0.0005 3.71966 0.000108328 313563 1.24421  
2.08808 0 2.06873 0.0862485 2.77757 230.268 0.493356 0.0005 4.41622 0.00014066 508860 0.865454  
2.09428 0 1.94775 0.106109 2.78005 193.644 0.478858 0.0005 3.95373 0.000146344 903682 0.417764  
2.21735 0 2.175 0.0972936 2.62172 171.151 0.476161 0.0005 4.01008 0.000101254 909211 0.751499  
2.26938 0 2.25378 0.0962918 2.61466 182.692 0.390682 0.0005 3.08651 0.000116074 277685 1.13016  
2.51255 0 2.41828 0.0990057 2.31198 212.527 0.557307 0.0005 4.49333 9.96443e-05 669086 0.41301  
2.74004 0 2.30868 0.089579 2.11328 228.725 0.435878 0.0005 4.45334 0.000116915 564285 1.14699  
1.81924 0 1.91592 0.0913718 2.20813 192.397 0.435114 0.0005 4.8738 0.000153409 590930 1.4966  
2.30928 0 1.77003 0.0909136 2.12174 192.475 0.475625 0.0005 4.55557 0.0001621 735990 1.27596  
2.04532 0 2.02461 0.0974559 1.94179 212.023 0.514576 0.0005 3.55726 0.000191007 794583 1.09438  
2.20481 0 2.41537 0.0861911 2.38137 190.714 0.462038 0.0005 3.34938 0.000119393 197314 0.741549  
2.33705 0 2.20125 0.0943095 2.55612 192.929 0.423742 0.0005 4.32377 0.000115411 651476 0.412457  
2.28925 0 2.1064 0.0866427 2.08374 214.557 0.528579 0.0005 3.73047 0.000181405 754116 0.996286  
2.18692 0 1.78167 0.0825347 2.4056 233.736 0.424911 0.0005 3.9421 0.000115494 95820 0.433556  
2.00165 0 2.41871 0.0974973 2.10171 215.165 0.414498 0.0005 3.76255 0.000164912 641892 1.23438  
2.24318 0 2.2456 0.0963692 2.09691 200.129 0.398219 0.0005 3.97105 0.000109692 37525 0.573014  
2.75168 0 2.3341 0.0901588 2.45048 205.731 0.467856 0.0005 4.9009 0.000154435 395528 0.834526  
1.86989 0 2.22256 0.09724 1.98413 242.163 0.465057 0.0005 3.9367 0.00019668 538839 1.34933  
1.61126 0 2.25132 0.0946089 2.76318 240.331 0.386772 0.0005 3.44567 0.00010239 897525 1.29402  
2.27267 0 1.71366 0.0878768 2.20507 218.539 0.511675 0.0005 3.88368 8.74158e-05 897490 1.41726  
2.25394 0 2.12973 0.111492 2.20728 195.435 0.447462 0.0005 3.49743 0.000116009 651136 0.886953  
2.57785 0 2.42271 0.0914884 2.13391 177.989 0.426841 0.0005 4.25163 0.000166921 101360 0.72724  
2.3901 0 2.31362 0.0920233 1.93785 227.857 0.454306 0.0005 3.51427 0.000127811 889618 0.94802  
2.05869 0 2.1478 0.0935978 1.9384 205.63 0.555668 0.0005 3.54187 0.000100828 247643 0.365896  
2.19761 0 2.26415 0.107391 2.51387 211.222 0.484303 0.0005 4.03421 0.000138178 170337 0.374434  
1.9817 0 2.23188 0.102339 2.07694 167.317 0.443447 0.0005 4.03119 8.82245e-05 80928 0.643594  
2.94302 0 2.38786 0.0975867 2.15672 241.175 0.5179 0.0005 5.08723 0.0001569 506582 0.904693  
2.48708 0 1.91164 0.115 2.20345 196.815 0.419323 0.0005 3.89787 0.00011542 826621 0.482669  
2.54102 0 2.30391 0.0943278 2.83227 180.23 0.411538 0.0005 3.68129 0.000176843 804310 1.31217  
1.95501 0 2.28668 0.0964546 2.60691 209.238 0.526787 0.0005 4.08912 0.000183129 917955 0.624829  
2.43868 0 2.24507 0.115916 2.23745 214.15 0.425346 0.0005 4.18597 0.000101024 370888 0.30192  
2.47555 0 2.43315 0.0981512 2.1049 204.787 0.483783 0.0005 4.1853 0.000131307 634225 0.735093  
2.36748 0 1.88522 0.0976238 1.79014 191.31 0.441104 0.0005 3.27519 9.96048e-05 426815 0.676339  
2.21483 0 1.67285 0.0854112 2.12876 186.525 0.46197 0.0005 3.88729 0.000141672 274570 1.04954  
2.41022 0 2.31548 0.0911393 2.68211 215.993 0.455684 0.0005 3.97535 8.02446e-05 543437 1.22457  
1.89569 0 2.27749 0.0820638 2.18434 214.554 0.51351 0.0005 3.91333 0.000142378 220853 0.982741  
2.06944 0 1.96989 0.0951702 2.74878 204.896 0.43514 0.0005 5.01188 0.000163426 460008 0.582102  
2.6052 0 1.43643 0.103959 2.33303 144.988 0.476515 0.0005 5.60987 7.3047e-05 107722 0.722496  
2.21999 0 2.30016 0.0990078 2.03332 198.483 0.474713 0.0005 4.48744 0.000160559 811783 0.591187  
1.97786 0 1.80845 0.0861116 2.37167 185.546 0.470902 0.0005 3.95895 0.000135985 712350 1.21291  
2.52744 0 2.07805 0.0999396 1.80121 222.494 0.471389 0.0005 4.19161 0.000161236 418657 0.416041  
2.51616 0 2.22583 0.105893 2.0703 209.94 0.419843 0.0005 4.14163 8.18192e-05 9097 0.66292  
2.25385 0 2.21622 0.103017 2.21782 193.183 0.450058 0.0005 3.59282 9.68797e-05 363827 1.14927  
2.63714 0 2.00778 0.112664 1.99294 218.088 0.426657 0.0005 3.8132 0.000150562 689126 1.34083  
2.0926 0 2.21785 0.108507 2.23345 209.564 0.461129 0.0005 3.48622 0.000118956 621269 0.435634  
2.22047 0 2.25084 0.106953 2.16526 193.392 0.441592 0.0005 4.34625 5.67144e-05 522071 0.402821  
2.42066 0 1.87839 0.0860178 2.55641 202.151 0.481734 0.0005 3.97039 0.000130102 726651 0.994029  
2.04103 0 1.85432 0.10324 2.42166 219.508 0.494527 0.0005 3.569 8.83753e-05 533149 0.871688  
2.44764 0 2.19764 0.101203 1.89492 175.686 0.472309 0.0005 3.83257 0.000130971 60910 0.615335  
2.3821 0 2.34264 0.0936563 2.49687 259.133 0.476712 0.0005 3.72457 0.000124767 140528 0.45054  
2.26352 0 2.32714 0.0869009 2.23885 210.727 0.467047 0.0005 4.03519 0.000164365 430639 1.0347  
2.37914 0 2.08333 0.0981874 2.61609 177.966 0.486898 0.0005 3.80375 0.000139252 228398 1.05922  
2.18831 0 2.39034 0.0842298 2.27743 239.04 0.463454 0.0005 4.01801 0.000141468 241888 1.26349  
1.69154 0 2.59184 0.0813346 2.55372 162.455 0.497782 0.0005 3.79551 0.000124087 836610 1.08036  
2.18558 0 1.83796 0.092618 2.35535 158.273 0.445749 0.0005 3.62937 0.000141815 992393 1.39708  
2.50082 0 2.113 0.0929752 1.93788 222.838 0.377348 0.0005 3.95801 0.000152033 928577 0.649249  
2.41097 0 1.79264 0.0914458 2.36405 209.329 0.474723 0.0005 3.53467 0.000168689 433890 1.41345  
2.5149 0 1.79841 0.0899192 2.13823 227.886 0.452938 0.0005 3.83953 0.000134571 498976 1.4051  
2.4394 0 2.40408 0.085131 2.5494 188.582 0.455352 0.0005 4.2253 0.00017057 755199 1.31881  
2.12636 0 1.95076 0.091335 2.28411 181.58 0.512465 0.0005 4.05677 0.00017554 754552 0.721893  
2.31689 0 2.34552 0.101246 2.37491 189.81 0.415753 0.0005 3.30755 0.000136762 416931 0.2804  
2.13498 0 2.22324 0.108114 1.84666 218.117 0.572184 0.0005 4.39254 0.000146191 126087 1.01337  
1.93285 0 2.38554 0.0936696 1.91196 191.846 0.428274 0.0005 3.47527 9.90067e-05 388777 0.51517  
2.52901 0 2.51834 0.0877737 2.20239 179.543 0.400277 0.0005 4.17555 0.000170023 360099 0.364034  
2.61502 0 2.50268 0.0928771 2.54239 217.876 0.541 0.0005 2.73795 0.000106836 400657 0.664724  
2.42485 0 2.14102 0.10026 2.0392 177.78 0.413156 0.0005 3.74992 0.000133296 448566 1.00242  
2.14056 0 1.85251 0.101069 1.67612 186.591 0.512629 0.0005 3.43234 0.00012912 580952 0.776445  
2.93032 0 2.10685 0.103117 2.10058 205.365 0.443015 0.0005 3.64446 0.000200404 377017 0.666228  
2.47709 0 2.2052 0.101607 2.22442 210.407 0.388201 0.0005 3.65326 5.73126e-05 72641 0.994491  
2.12154 0 1.70995 0.0917927 2.20075 210.84 0.397521 0.0005 3.76373 0.000173718 392735 1.25418  
2.42547 0 2.35708 0.0982902 2.0907 203.296 0.458444 0.0005 4.79677 0.000115181 89368 1.21855  
2.01257 0 2.52275 0.098744 2.38983 210.966 0.438123 0.0005 3.14794 0.000107031 491298 0.983477  
2.90904 0 2.63515 0.10289 2.41775 226.409 0.559954 0.0005 4.59615 0.000157797 918184 0.641967  
2.06982 0 1.75025 0.0915567 2.47783 194.668 0.492937 0.0005 3.35528 8.0125e-05 453195 0.499718  
1.93359 0 1.93827 0.100918 2.12965 177.972 0.451728 0.0005 4.1012 0.000112231 696776 0.395807  
2.50684 0 2.14068 0.0903666 2.03593 202.913 0.420037 0.0005 3.87944 0.000162757 55805 0.512014  
2.35749 0 2.47498 0.100797 2.1344 200.449 0.500778 0.0005 3.98589 9.8821e-05 975266 0.821177  
2.31426 0 1.84146 0.0814815 2.36268 198.562 0.511631 0.0005 3.84196 0.000108549 423428 1.36612  
2.20183 0 2.01183 0.0947608 2.29584 194.748 0.368093 0.0005 4.08773 0.000122808 588954 0.764442  
2.40281 0 2.43226 0.0795666 2.32565 178.936 0.553453 0.0005 3.62287 0.000196085 552528 0.606995  
2.53033 0 2.06539 0.10387 2.29434 186.395 0.516746 0.0005 4.23526 0.000146902 80308 0.863914  
2.5128 0 2.1757 0.0898133 2.25527 184.482 0.490003 0.0005 3.3478 0.000125619 19593 1.35145  
2.46313 0 1.95612 0.0992549 2.50957 235.88 0.347888 0.0005 3.58449 0.000113791 297278 1.42969  
1.9719 0 2.17499 0.089727 2.34591 217.226 0.460653 0.0005 4.39153 9.9317e-05 322197 0.944398  
2.17316 0 2.12831 0.0883033 2.95053 158.822 0.400452 0.0005 4.05433 0.000141707 372555 1.44446  
2.19382 0 2.33937 0.0953898 2.44289 220.285 0.439752 0.0005 3.91794 7.29821e-05 289672 1.37846  
1.9682 0 2.35325 0.115317 2.34472 197.06 0.400623 0.0005 4.2406 0.000194049 250774 1.39995  
1.99551 0 2.1951 0.0847496 2.15717 150.643 0.365573 0.0005 4.07925 0.00013301 806445 0.529329  
2.11582 0 2.39236 0.0925491 2.60228 233.452 0.378764 0.0005 3.56944 9.38848e-05 305000 0.462953  
2.20481 0 2.32475 0.106134 2.34555 192.808 0.499451 0.0005 4.46348 0.000102289 522325 1.31301  
2.25464 0 2.0948 0.0905222 2.17001 206.554 0.391642 0.0005 3.97167 0.00013567 560997 0.947927  
2.27271 0 1.96821 0.0947004 2.41747 187.08 0.476031 0.0005 3.83647 0.000113222 238283 1.07936  
2.39708 0 2.24226 0.0996887 2.56134 202.332 0.453176 0.0005 4.77795 9.50387e-05 648412 1.21229  
2.3636 0 1.77164 0.104032 2.42609 186.39 0.488835 0.0005 4.40111 0.00017277 466127 1.2187  
2.14963 0 2.11553 0.0773877 2.16056 220.843 0.326576 0.0005 4.14062 0.000142377 598382 0.405628  
2.32114 0 2.17045 0.0874298 2.27723 211.745 0.4489 0.0005 4.5517 0.000134798 565421 0.911678  
